1 3 1955
35 
0.00
0.00
0.00
0.00
0.00
0.00
0.00
0.00
0.00
0.00
0.00
0.00
0.00
0.00
0.00
0.00
0.00
0.00
0.00
0.00
0.00
0.00
0.00
0.00
0.00
0.00
0.00
0.00
0.00
0.00
4.20
21.50
0.00
0.00
12.30
0.00
0.00
0.00
0.00
0.00
0.00
0.00
0.00
0.00
0.00
0.00
0.00
0.00
0.00
0.00
0.00
0.00
0.00
0.00
9.30
0.00
0.00
0.00
0.00
5.30
10.30
0.00
0.00
0.00
0.00
0.00
0.00
0.00
0.00
0.00
0.00
0.00
0.00
0.00
0.00
0.00
0.00
0.00
0.00
0.00
0.00
0.00
0.00
0.00
0.00
0.00
0.00
0.00
0.00
0.00
0.00
0.00
0.00
17.00
13.00
0.00
0.00
10.30
0.00
0.00
0.00
0.00
0.00
0.00
12.40
0.00
0.00
0.00
0.00
2.30
0.00
0.00
0.00
0.00
0.00
0.00
0.00
0.00
0.00
0.00
0.00
0.00
0.00
7.50
0.00
0.00
0.00
0.00
0.00
0.00
0.00
0.00
0.00
0.00
0.00
0.00
0.00
0.00
0.00
0.00
0.00
0.00
0.00
0.00
0.00
0.00
0.00
0.00
0.00
0.00
0.00
0.00
0.00
0.00
0.00
0.00
0.00
0.00
0.00
0.00
0.00
0.00
0.00
0.00
0.00
0.00
0.00
0.00
0.00
0.00
0.00
0.00
0.00
0.00
0.00
0.00
0.00
0.00
0.00
0.00
0.00
0.00
0.00
0.00
0.00
0.00
0.00
0.00
0.00
0.00
0.00
0.00
0.00
9.50
0.00
0.00
0.00
0.00
0.00
0.00
0.00
21.00
0.00
0.00
2.30
0.00
0.00
0.00
0.00
0.00
0.00
0.00
0.00
0.00
0.00
0.00
7.50
5.80
10.00
0.00
0.00
0.00
0.00
0.00
0.00
0.00
0.00
0.00
0.00
0.00
8.40
7.20
0.00
0.00
30.50
0.00
0.00
0.00
0.00
0.00
0.00
4.50
12.40
38.00
10.00
21.50
0.00
0.00
0.00
10.00
4.30
0.00
0.00
0.00
0.00
0.00
14.00
0.00
0.00
0.00
0.00
0.00
0.00
0.00
0.00
0.00
0.00
13.00
20.60
5.00
8.40
0.00
0.00
0.00
0.00
10.00
20.50
10.40
0.00
0.00
0.00
0.00
0.00
0.00
0.00
0.00
10.00
12.00
11.50
100.00
17.00
15.50
10.20
104.30
0.00
0.00
10.50
0.00
0.00
0.00
0.00
0.00
0.00
0.00
0.00
5.20
0.00
0.00
4.40
2.50
3.60
0.00
0.00
0.00
0.00
9.40
0.00
0.00
0.00
0.00
0.00
0.00
0.00
22.40
37.00
34.50
0.00
0.00
0.00
0.00
0.00
0.00
0.00
0.00
0.00
0.00
0.00
50.70
0.00
0.00
0.00
0.00
0.00
0.00
0.00
0.00
0.00
0.00
3.20
0.00
0.00
0.00
5.40
3.50
0.00
0.00
0.00
0.00
8.10
0.00
4.70
0.00
0.00
0.00
0.00
0.00
0.00
0.00
0.00
0.00
0.00
0.00
0.00
0.00
0.00
0.00
0.00
0.00
0.00
0.00
0.00
0.00
0.00
0.00
37.00
67.00
7.00
20.30
23.00
33.00
25.50
11.40
0.00
27.00
87.00
35.00
12.00
15.50
0.00
0.00
0.00
37.00
0.00
0.00
0.00
0.00
0.00
0.00
2.40
0.00
0.00
30.00
48.00
3.50
0.00
0.00
0.00
10.50
45.00
5.40
32.00
5.50
22.00
15.00
25.00
27.00
0.00
0.00
0.00
0.00
0.00
0.00
0.00
0.00
0.00
0.00
0.00
0.00
0.00
0.00
0.00
0.00
0.00
0.00
0.00
0.00
0.00
0.00
0.00
8.50
2.30
0.00
0.00
0.00
0.00
0.00
0.00
0.00
0.00
0.00
0.00
0.00
0.00
0.00
0.00
0.00
0.00
0.00
0.00
0.00
0.00
0.00
2.10
0.00
0.00
0.00
0.00
0.00
0.00
0.00
0.00
0.00
0.00
0.00
0.00
0.00
0.00
0.00
0.00
0.00
0.00
0.00
0.00
0.00
0.00
0.00
0.00
0.00
0.00
0.00
0.00
0.00
0.00
0.00
0.00
0.00
0.00
0.00
0.00
17.00
0.00
0.00
0.00
0.00
0.00
0.00
0.00
0.00
0.00
0.00
0.00
0.00
0.00
0.00
0.00
5.40
0.00
0.00
0.00
0.00
0.00
0.00
0.00
0.00
0.00
0.00
0.00
0.00
0.00
0.00
0.00
0.00
0.00
0.00
0.00
0.00
0.00
0.00
0.00
0.00
0.00
0.00
0.00
0.00
0.00
0.00
0.00
0.00
0.00
0.00
0.00
0.00
0.00
0.00
0.00
0.00
0.00
7.40
0.00
0.00
0.00
0.00
0.00
7.20
92.40
0.00
0.00
0.00
0.00
0.00
0.00
0.00
0.00
0.00
0.00
0.00
0.00
0.00
0.00
2.30
0.00
0.00
0.00
0.00
12.50
0.00
0.00
0.00
0.00
0.00
0.00
0.00
0.00
0.00
0.00
0.00
0.00
0.00
0.00
0.00
0.00
0.00
0.00
0.00
0.00
0.00
0.00
0.00
0.00
5.30
18.00
0.00
0.00
0.00
0.00
0.00
2.40
4.60
0.00
0.00
0.00
0.00
0.00
0.00
0.00
0.00
0.00
0.00
0.00
0.00
0.00
0.00
0.00
0.00
0.00
0.00
0.00
0.00
0.00
0.00
0.00
0.00
0.00
0.00
0.00
0.00
0.00
0.00
0.00
0.00
0.00
0.00
0.00
1.30
0.00
0.00
0.00
0.00
0.00
33.00
41.50
2.40
10.00
9.00
0.00
0.00
0.00
0.00
0.00
0.00
0.00
0.00
0.00
0.00
0.00
0.00
0.00
0.00
0.00
0.00
1.20
46.00
0.00
0.00
0.00
0.00
0.00
0.00
0.00
0.00
0.00
0.00
0.00
0.00
0.00
0.00
0.00
0.00
0.00
0.00
0.00
0.00
0.00
0.00
0.00
0.00
20.00
30.00
90.00
0.00
10.00
0.00
0.00
0.00
0.00
0.00
0.00
0.00
0.00
0.00
0.00
0.00
0.00
0.00
0.00
0.00
5.20
6.40
0.00
0.00
0.00
0.00
0.00
52.20
0.00
0.00
0.00
0.00
0.00
0.00
0.00
0.00
20.50
34.60
0.00
0.00
19.00
0.00
0.00
0.00
0.00
0.00
1.40
0.00
0.00
0.00
0.00
0.00
24.00
0.00
28.00
27.50
0.00
0.00
3.40
5.50
0.00
0.00
0.00
0.00
21.50
0.00
0.00
0.00
8.20
0.00
4.40
0.00
9.20
0.00
6.20
19.00
10.00
5.40
1.20
0.00
11.00
0.00
4.40
0.00
120.00
150.00
0.00
0.00
0.00
0.00
0.00
0.00
0.00
0.00
0.00
0.00
0.00
0.00
0.00
0.00
0.00
22.00
47.00
0.00
0.00
0.00
0.00
0.00
0.00
0.00
0.00
0.00
0.00
0.00
0.00
0.00
57.00
0.00
0.00
0.00
0.00
0.00
0.00
0.00
0.00
0.00
0.00
0.00
0.00
0.00
2.50
0.00
0.00
0.00
0.00
0.00
0.00
0.00
0.00
0.00
0.00
0.00
0.00
0.00
0.00
0.00
0.00
0.00
0.00
0.00
0.00
0.00
0.00
0.00
0.00
0.00
0.00
0.00
0.00
0.00
0.00
0.00
0.00
0.00
0.00
0.00
0.00
0.00
0.00
0.00
0.00
0.00
0.00
0.00
0.00
0.00
0.00
0.00
0.00
0.00
0.00
0.00
0.00
0.00
0.00
0.00
0.00
0.00
0.00
0.00
0.00
0.00
0.00
0.00
0.00
0.00
0.00
0.00
0.00
0.00
0.00
0.00
0.00
0.00
0.00
0.00
0.00
1.00
0.10
0.00
0.00
0.00
0.00
0.00
0.00
4.00
0.00
0.00
0.00
0.00
0.00
0.00
0.00
0.00
0.00
0.00
0.00
0.00
0.00
0.00
63.40
0.00
1.30
0.00
0.00
0.00
0.00
0.00
0.00
0.00
10.00
25.00
0.00
3.00
0.00
0.00
0.00
0.00
14.50
6.50
0.70
0.00
0.00
0.00
0.00
0.00
0.00
0.00
0.00
0.00
0.00
0.00
0.00
0.00
30.00
60.40
50.00
75.50
112.00
0.00
0.00
0.00
0.00
9.50
0.00
0.00
0.00
0.00
0.00
0.00
0.00
0.00
0.00
0.00
4.20
0.00
0.00
0.00
0.00
0.00
0.00
0.00
0.00
0.00
0.00
0.00
0.00
0.00
0.00
0.00
17.00
100.00
0.00
0.00
0.00
0.00
0.00
0.00
0.00
0.00
0.00
0.00
0.00
0.00
56.40
0.00
0.00
0.00
0.00
0.00
0.00
-9999.00
-9999.00
-9999.00
-9999.00
-9999.00
-9999.00
-9999.00
-9999.00
-9999.00
-9999.00
-9999.00
-9999.00
-9999.00
-9999.00
-9999.00
-9999.00
-9999.00
-9999.00
-9999.00
-9999.00
-9999.00
-9999.00
-9999.00
-9999.00
-9999.00
-9999.00
-9999.00
-9999.00
-9999.00
-9999.00
-9999.00
0.00
0.00
0.00
0.00
0.00
0.00
0.00
0.00
1.90
0.00
33.40
0.00
0.00
0.00
0.00
0.00
0.00
0.00
0.00
0.00
0.00
0.00
0.00
0.00
0.00
58.40
0.00
0.00
0.00
0.00
0.00
0.00
0.00
0.00
0.00
0.00
73.50
0.00
13.00
0.00
0.00
0.00
0.00
0.00
0.00
0.00
0.00
0.00
0.00
0.00
0.00
10.40
52.50
5.30
35.40
18.00
39.00
41.00
0.00
47.00
0.00
10.00
30.00
37.50
2.00
0.00
0.00
0.00
0.00
0.00
0.00
37.00
9.00
0.00
0.00
0.00
0.00
0.00
0.00
0.00
0.00
1.70
0.00
0.00
0.00
0.00
0.00
0.00
0.00
0.00
0.00
0.00
0.00
0.00
0.00
0.00
0.00
0.00
0.00
0.00
0.00
27.00
37.00
0.00
0.00
0.00
0.00
0.00
0.00
0.00
0.00
0.00
0.00
0.00
0.00
0.00
0.00
0.00
0.00
0.00
0.00
0.00
0.00
0.00
0.00
0.00
0.00
0.00
0.00
0.00
0.00
0.00
0.00
0.00
0.00
0.00
0.00
0.00
13.00
0.00
0.00
0.00
0.00
0.00
0.00
0.00
0.00
0.00
0.00
0.00
0.00
0.00
0.00
0.00
0.00
0.00
0.00
0.00
0.00
0.00
0.00
0.00
0.00
0.00
0.00
0.00
0.00
0.00
0.00
0.00
0.00
0.00
0.00
0.00
0.00
0.00
0.00
0.00
0.00
0.00
0.00
0.00
0.00
0.00
0.00
0.00
0.00
0.00
0.00
0.00
0.00
0.00
0.00
0.00
0.00
0.00
0.00
0.00
0.00
0.00
0.00
0.00
1.00
0.00
0.00
0.00
0.00
0.00
0.00
0.00
0.00
0.00
-9999.00
-9999.00
-9999.00
-9999.00
-9999.00
-9999.00
-9999.00
-9999.00
-9999.00
-9999.00
-9999.00
-9999.00
-9999.00
-9999.00
-9999.00
-9999.00
-9999.00
-9999.00
-9999.00
-9999.00
-9999.00
-9999.00
-9999.00
-9999.00
-9999.00
-9999.00
-9999.00
-9999.00
-9999.00
-9999.00
-9999.00
-9999.00
-9999.00
-9999.00
-9999.00
-9999.00
-9999.00
-9999.00
-9999.00
-9999.00
-9999.00
-9999.00
-9999.00
-9999.00
-9999.00
-9999.00
-9999.00
-9999.00
-9999.00
-9999.00
-9999.00
-9999.00
-9999.00
-9999.00
-9999.00
-9999.00
-9999.00
-9999.00
-9999.00
-9999.00
-9999.00
-9999.00
-9999.00
-9999.00
-9999.00
-9999.00
-9999.00
-9999.00
-9999.00
-9999.00
-9999.00
-9999.00
-9999.00
-9999.00
-9999.00
-9999.00
-9999.00
-9999.00
-9999.00
-9999.00
-9999.00
-9999.00
-9999.00
-9999.00
-9999.00
-9999.00
-9999.00
-9999.00
-9999.00
-9999.00
-9999.00
0.00
0.00
0.00
0.00
0.00
48.00
36.40
4.00
0.00
0.00
0.00
20.00
22.00
170.00
120.00
88.00
50.00
10.50
40.00
60.00
30.30
30.50
15.00
0.00
0.00
0.00
0.00
0.00
0.00
0.00
0.00
-9999.00
-9999.00
-9999.00
-9999.00
-9999.00
-9999.00
-9999.00
-9999.00
-9999.00
-9999.00
-9999.00
-9999.00
-9999.00
-9999.00
-9999.00
-9999.00
-9999.00
-9999.00
-9999.00
-9999.00
-9999.00
-9999.00
-9999.00
-9999.00
-9999.00
-9999.00
-9999.00
-9999.00
-9999.00
-9999.00
-9999.00
-9999.00
-9999.00
-9999.00
-9999.00
-9999.00
-9999.00
-9999.00
-9999.00
-9999.00
-9999.00
-9999.00
-9999.00
-9999.00
-9999.00
-9999.00
-9999.00
-9999.00
-9999.00
-9999.00
-9999.00
-9999.00
-9999.00
-9999.00
-9999.00
-9999.00
-9999.00
-9999.00
-9999.00
-9999.00
-9999.00
-9999.00
-9999.00
-9999.00
-9999.00
-9999.00
-9999.00
-9999.00
-9999.00
-9999.00
-9999.00
-9999.00
-9999.00
-9999.00
-9999.00
-9999.00
-9999.00
-9999.00
-9999.00
-9999.00
-9999.00
-9999.00
-9999.00
-9999.00
-9999.00
-9999.00
-9999.00
-9999.00
-9999.00
-9999.00
-9999.00
-9999.00
-9999.00
-9999.00
-9999.00
-9999.00
-9999.00
-9999.00
-9999.00
-9999.00
-9999.00
-9999.00
-9999.00
-9999.00
-9999.00
-9999.00
-9999.00
-9999.00
-9999.00
-9999.00
-9999.00
-9999.00
-9999.00
-9999.00
-9999.00
-9999.00
-9999.00
-9999.00
-9999.00
-9999.00
0.00
0.00
0.00
0.00
0.00
0.00
72.00
32.40
68.60
10.40
0.00
0.00
0.00
0.00
0.00
0.00
0.00
0.00
0.00
57.00
0.00
21.00
0.00
0.00
0.00
0.00
0.00
0.00
3.00
5.40
0.00
-9999.00
-9999.00
-9999.00
-9999.00
-9999.00
-9999.00
-9999.00
-9999.00
-9999.00
-9999.00
-9999.00
-9999.00
-9999.00
-9999.00
-9999.00
-9999.00
-9999.00
-9999.00
-9999.00
-9999.00
-9999.00
-9999.00
-9999.00
-9999.00
-9999.00
-9999.00
-9999.00
-9999.00
-9999.00
-9999.00
-9999.00
-9999.00
-9999.00
-9999.00
-9999.00
-9999.00
-9999.00
-9999.00
-9999.00
-9999.00
-9999.00
-9999.00
-9999.00
-9999.00
-9999.00
-9999.00
-9999.00
-9999.00
-9999.00
-9999.00
-9999.00
-9999.00
-9999.00
-9999.00
-9999.00
-9999.00
-9999.00
-9999.00
-9999.00
-9999.00
-9999.00
-9999.00
-9999.00
-9999.00
-9999.00
-9999.00
-9999.00
-9999.00
-9999.00
-9999.00
-9999.00
-9999.00
-9999.00
-9999.00
-9999.00
-9999.00
-9999.00
-9999.00
-9999.00
-9999.00
-9999.00
-9999.00
-9999.00
-9999.00
-9999.00
-9999.00
-9999.00
-9999.00
-9999.00
-9999.00
-9999.00
-9999.00
-9999.00
-9999.00
-9999.00
-9999.00
-9999.00
-9999.00
-9999.00
-9999.00
-9999.00
-9999.00
-9999.00
-9999.00
-9999.00
-9999.00
-9999.00
-9999.00
-9999.00
-9999.00
-9999.00
-9999.00
-9999.00
-9999.00
-9999.00
-9999.00
-9999.00
-9999.00
-9999.00
-9999.00
-9999.00
-9999.00
-9999.00
-9999.00
-9999.00
-9999.00
-9999.00
-9999.00
-9999.00
-9999.00
-9999.00
-9999.00
-9999.00
-9999.00
-9999.00
-9999.00
-9999.00
-9999.00
-9999.00
-9999.00
-9999.00
-9999.00
-9999.00
-9999.00
-9999.00
-9999.00
-9999.00
-9999.00
-9999.00
-9999.00
-9999.00
-9999.00
-9999.00
-9999.00
-9999.00
-9999.00
-9999.00
-9999.00
-9999.00
-9999.00
-9999.00
-9999.00
-9999.00
-9999.00
-9999.00
-9999.00
-9999.00
-9999.00
-9999.00
-9999.00
-9999.00
-9999.00
-9999.00
-9999.00
-9999.00
-9999.00
-9999.00
-9999.00
-9999.00
-9999.00
-9999.00
-9999.00
-9999.00
-9999.00
-9999.00
-9999.00
-9999.00
-9999.00
-9999.00
-9999.00
-9999.00
-9999.00
-9999.00
-9999.00
-9999.00
-9999.00
-9999.00
-9999.00
-9999.00
-9999.00
-9999.00
-9999.00
-9999.00
-9999.00
-9999.00
-9999.00
-9999.00
-9999.00
-9999.00
-9999.00
-9999.00
-9999.00
-9999.00
-9999.00
-9999.00
-9999.00
-9999.00
-9999.00
-9999.00
-9999.00
-9999.00
-9999.00
-9999.00
-9999.00
-9999.00
-9999.00
-9999.00
-9999.00
-9999.00
-9999.00
-9999.00
-9999.00
-9999.00
-9999.00
-9999.00
-9999.00
-9999.00
-9999.00
-9999.00
-9999.00
-9999.00
-9999.00
-9999.00
-9999.00
-9999.00
-9999.00
-9999.00
-9999.00
-9999.00
-9999.00
-9999.00
-9999.00
-9999.00
-9999.00
-9999.00
-9999.00
-9999.00
-9999.00
-9999.00
-9999.00
-9999.00
-9999.00
-9999.00
-9999.00
-9999.00
-9999.00
-9999.00
-9999.00
-9999.00
-9999.00
-9999.00
-9999.00
-9999.00
-9999.00
-9999.00
-9999.00
-9999.00
-9999.00
-9999.00
-9999.00
-9999.00
-9999.00
-9999.00
-9999.00
-9999.00
-9999.00
-9999.00
-9999.00
-9999.00
-9999.00
-9999.00
-9999.00
-9999.00
-9999.00
-9999.00
-9999.00
-9999.00
-9999.00
-9999.00
-9999.00
-9999.00
-9999.00
-9999.00
-9999.00
-9999.00
-9999.00
-9999.00
-9999.00
-9999.00
-9999.00
-9999.00
-9999.00
-9999.00
-9999.00
-9999.00
-9999.00
-9999.00
-9999.00
-9999.00
-9999.00
-9999.00
-9999.00
-9999.00
-9999.00
-9999.00
-9999.00
-9999.00
-9999.00
-9999.00
-9999.00
-9999.00
-9999.00
-9999.00
-9999.00
-9999.00
-9999.00
-9999.00
-9999.00
-9999.00
-9999.00
-9999.00
-9999.00
-9999.00
-9999.00
-9999.00
-9999.00
-9999.00
-9999.00
-9999.00
-9999.00
-9999.00
-9999.00
-9999.00
-9999.00
-9999.00
-9999.00
-9999.00
-9999.00
-9999.00
-9999.00
-9999.00
-9999.00
-9999.00
-9999.00
-9999.00
-9999.00
-9999.00
-9999.00
-9999.00
-9999.00
-9999.00
-9999.00
-9999.00
-9999.00
-9999.00
-9999.00
-9999.00
-9999.00
-9999.00
-9999.00
-9999.00
-9999.00
-9999.00
-9999.00
-9999.00
-9999.00
-9999.00
-9999.00
-9999.00
-9999.00
-9999.00
-9999.00
-9999.00
-9999.00
-9999.00
-9999.00
-9999.00
-9999.00
-9999.00
-9999.00
-9999.00
-9999.00
-9999.00
-9999.00
-9999.00
-9999.00
-9999.00
-9999.00
-9999.00
-9999.00
-9999.00
-9999.00
-9999.00
-9999.00
-9999.00
-9999.00
-9999.00
-9999.00
-9999.00
-9999.00
-9999.00
-9999.00
-9999.00
-9999.00
-9999.00
-9999.00
-9999.00
-9999.00
-9999.00
-9999.00
-9999.00
-9999.00
-9999.00
-9999.00
-9999.00
-9999.00
-9999.00
-9999.00
-9999.00
-9999.00
-9999.00
-9999.00
-9999.00
-9999.00
-9999.00
-9999.00
-9999.00
-9999.00
-9999.00
-9999.00
-9999.00
-9999.00
-9999.00
-9999.00
-9999.00
-9999.00
-9999.00
-9999.00
-9999.00
-9999.00
-9999.00
-9999.00
-9999.00
-9999.00
-9999.00
-9999.00
-9999.00
-9999.00
-9999.00
-9999.00
-9999.00
-9999.00
-9999.00
-9999.00
-9999.00
-9999.00
-9999.00
-9999.00
-9999.00
-9999.00
-9999.00
-9999.00
-9999.00
-9999.00
-9999.00
-9999.00
-9999.00
-9999.00
-9999.00
-9999.00
-9999.00
-9999.00
-9999.00
-9999.00
-9999.00
-9999.00
-9999.00
-9999.00
-9999.00
-9999.00
-9999.00
-9999.00
-9999.00
-9999.00
-9999.00
-9999.00
-9999.00
-9999.00
-9999.00
-9999.00
-9999.00
-9999.00
-9999.00
-9999.00
-9999.00
-9999.00
-9999.00
-9999.00
-9999.00
-9999.00
-9999.00
-9999.00
-9999.00
-9999.00
-9999.00
-9999.00
-9999.00
-9999.00
-9999.00
-9999.00
-9999.00
-9999.00
-9999.00
-9999.00
-9999.00
-9999.00
-9999.00
-9999.00
-9999.00
-9999.00
-9999.00
-9999.00
-9999.00
-9999.00
-9999.00
-9999.00
-9999.00
-9999.00
-9999.00
-9999.00
-9999.00
-9999.00
-9999.00
-9999.00
-9999.00
-9999.00
-9999.00
-9999.00
-9999.00
-9999.00
-9999.00
-9999.00
-9999.00
-9999.00
-9999.00
-9999.00
-9999.00
-9999.00
-9999.00
-9999.00
-9999.00
-9999.00
-9999.00
-9999.00
-9999.00
-9999.00
-9999.00
-9999.00
-9999.00
-9999.00
-9999.00
-9999.00
-9999.00
-9999.00
-9999.00
-9999.00
-9999.00
-9999.00
-9999.00
-9999.00
-9999.00
-9999.00
-9999.00
-9999.00
-9999.00
-9999.00
-9999.00
-9999.00
-9999.00
-9999.00
-9999.00
-9999.00
-9999.00
-9999.00
-9999.00
-9999.00
-9999.00
-9999.00
-9999.00
-9999.00
-9999.00
-9999.00
-9999.00
-9999.00
-9999.00
-9999.00
-9999.00
-9999.00
-9999.00
-9999.00
-9999.00
-9999.00
-9999.00
-9999.00
-9999.00
-9999.00
-9999.00
-9999.00
-9999.00
-9999.00
-9999.00
-9999.00
-9999.00
-9999.00
-9999.00
-9999.00
-9999.00
-9999.00
-9999.00
-9999.00
-9999.00
-9999.00
-9999.00
-9999.00
-9999.00
-9999.00
-9999.00
-9999.00
-9999.00
-9999.00
-9999.00
-9999.00
-9999.00
-9999.00
-9999.00
-9999.00
-9999.00
-9999.00
-9999.00
-9999.00
-9999.00
-9999.00
-9999.00
-9999.00
-9999.00
-9999.00
-9999.00
-9999.00
-9999.00
-9999.00
-9999.00
-9999.00
-9999.00
-9999.00
-9999.00
-9999.00
-9999.00
-9999.00
-9999.00
-9999.00
-9999.00
-9999.00
-9999.00
-9999.00
-9999.00
-9999.00
-9999.00
-9999.00
-9999.00
-9999.00
-9999.00
-9999.00
-9999.00
-9999.00
-9999.00
-9999.00
-9999.00
-9999.00
-9999.00
-9999.00
-9999.00
-9999.00
-9999.00
-9999.00
-9999.00
-9999.00
-9999.00
-9999.00
-9999.00
-9999.00
-9999.00
-9999.00
-9999.00
-9999.00
-9999.00
-9999.00
-9999.00
-9999.00
-9999.00
-9999.00
-9999.00
-9999.00
-9999.00
-9999.00
-9999.00
-9999.00
-9999.00
-9999.00
-9999.00
-9999.00
-9999.00
-9999.00
-9999.00
-9999.00
-9999.00
-9999.00
-9999.00
-9999.00
-9999.00
-9999.00
-9999.00
-9999.00
-9999.00
-9999.00
-9999.00
-9999.00
-9999.00
-9999.00
-9999.00
-9999.00
-9999.00
-9999.00
-9999.00
-9999.00
-9999.00
-9999.00
-9999.00
-9999.00
-9999.00
-9999.00
-9999.00
-9999.00
-9999.00
-9999.00
-9999.00
-9999.00
-9999.00
-9999.00
-9999.00
-9999.00
-9999.00
-9999.00
-9999.00
-9999.00
-9999.00
-9999.00
-9999.00
-9999.00
-9999.00
-9999.00
-9999.00
-9999.00
-9999.00
-9999.00
-9999.00
-9999.00
-9999.00
-9999.00
-9999.00
-9999.00
-9999.00
-9999.00
-9999.00
-9999.00
-9999.00
-9999.00
-9999.00
-9999.00
-9999.00
-9999.00
-9999.00
-9999.00
-9999.00
-9999.00
-9999.00
-9999.00
-9999.00
-9999.00
-9999.00
-9999.00
-9999.00
-9999.00
-9999.00
-9999.00
-9999.00
-9999.00
-9999.00
-9999.00
-9999.00
-9999.00
-9999.00
-9999.00
-9999.00
-9999.00
-9999.00
-9999.00
-9999.00
-9999.00
-9999.00
-9999.00
-9999.00
-9999.00
-9999.00
-9999.00
-9999.00
-9999.00
-9999.00
-9999.00
-9999.00
-9999.00
-9999.00
-9999.00
-9999.00
-9999.00
-9999.00
-9999.00
-9999.00
-9999.00
-9999.00
-9999.00
-9999.00
-9999.00
-9999.00
-9999.00
-9999.00
-9999.00
-9999.00
-9999.00
-9999.00
-9999.00
-9999.00
-9999.00
-9999.00
-9999.00
-9999.00
-9999.00
-9999.00
-9999.00
-9999.00
-9999.00
-9999.00
-9999.00
-9999.00
-9999.00
-9999.00
-9999.00
-9999.00
-9999.00
-9999.00
-9999.00
-9999.00
-9999.00
-9999.00
-9999.00
-9999.00
-9999.00
-9999.00
-9999.00
-9999.00
-9999.00
-9999.00
-9999.00
-9999.00
-9999.00
-9999.00
-9999.00
-9999.00
-9999.00
-9999.00
-9999.00
-9999.00
-9999.00
-9999.00
-9999.00
-9999.00
-9999.00
-9999.00
-9999.00
-9999.00
-9999.00
-9999.00
-9999.00
-9999.00
-9999.00
-9999.00
-9999.00
-9999.00
-9999.00
-9999.00
-9999.00
-9999.00
-9999.00
-9999.00
-9999.00
-9999.00
-9999.00
-9999.00
-9999.00
-9999.00
-9999.00
-9999.00
-9999.00
-9999.00
-9999.00
-9999.00
-9999.00
-9999.00
-9999.00
-9999.00
-9999.00
-9999.00
-9999.00
-9999.00
-9999.00
-9999.00
0.00
0.00
0.00
0.00
0.00
0.00
0.00
0.00
0.00
0.00
0.00
0.00
0.00
15.00
0.00
0.00
39.00
0.00
0.00
0.00
0.00
0.00
0.00
0.00
0.00
0.00
0.00
0.00
0.00
0.00
0.00
0.00
0.00
0.00
0.00
4.00
7.00
6.00
0.00
0.00
0.00
0.00
0.00
0.00
0.00
0.00
0.00
0.00
0.00
0.00
0.00
0.00
0.00
0.00
0.00
3.00
4.00
15.00
0.00
0.00
9.00
50.00
36.00
0.00
0.00
13.00
0.00
5.00
0.00
0.00
11.00
0.00
0.00
0.00
6.00
0.00
0.00
0.00
2.00
10.00
17.00
0.00
0.00
4.00
0.00
0.00
0.00
0.00
0.00
0.00
0.00
0.00
0.00
0.00
0.00
0.00
0.00
0.00
0.00
0.00
0.00
0.00
0.00
0.00
0.00
0.00
23.00
5.00
0.00
10.00
0.00
0.00
0.00
40.00
10.00
0.00
0.00
0.00
5.00
0.00
0.00
0.00
0.00
0.00
0.00
0.00
0.00
0.00
0.00
0.00
0.00
0.00
0.00
5.00
6.00
0.00
35.00
0.00
0.00
0.00
0.00
0.00
0.00
0.00
0.00
0.00
0.00
0.00
0.00
15.00
0.00
0.00
10.00
4.00
10.00
2.00
0.00
0.00
0.00
0.00
0.00
0.00
1.00
0.00
0.00
0.00
0.00
0.00
0.00
0.00
0.00
0.00
0.00
0.00
0.00
0.00
0.00
0.00
0.00
0.00
0.00
0.00
0.00
0.00
0.00
0.00
0.00
0.00
0.00
0.00
0.00
0.00
0.00
0.00
0.00
0.00
0.00
0.00
0.00
0.00
0.00
0.00
0.00
0.00
0.00
0.00
0.00
0.00
0.00
0.00
0.00
0.00
-9999.00
-9999.00
-9999.00
-9999.00
-9999.00
-9999.00
-9999.00
-9999.00
-9999.00
-9999.00
-9999.00
-9999.00
-9999.00
-9999.00
-9999.00
-9999.00
-9999.00
-9999.00
-9999.00
-9999.00
-9999.00
-9999.00
-9999.00
-9999.00
-9999.00
-9999.00
-9999.00
-9999.00
-9999.00
-9999.00
-9999.00
0.00
0.00
0.00
0.00
0.00
0.00
6.00
0.00
0.00
0.00
0.00
2.00
8.00
28.00
0.00
0.00
0.00
0.00
0.00
0.00
0.00
0.00
0.00
0.00
2.00
14.00
0.00
0.00
0.00
0.00
0.00
0.00
0.00
0.00
0.00
4.00
0.00
0.00
0.00
0.00
15.00
18.00
18.00
8.00
162.00
47.00
7.00
0.00
0.00
4.00
0.00
0.00
0.00
0.00
0.00
0.00
6.00
0.00
0.00
0.00
0.00
0.00
0.00
21.00
18.00
36.00
35.00
6.00
25.00
0.00
10.00
4.00
0.00
23.00
22.00
0.00
0.00
0.00
0.00
0.00
0.00
0.00
34.00
0.00
0.00
0.00
0.00
0.00
0.00
0.00
0.00
-9999.00
-9999.00
-9999.00
-9999.00
-9999.00
-9999.00
-9999.00
-9999.00
-9999.00
-9999.00
-9999.00
-9999.00
-9999.00
-9999.00
-9999.00
-9999.00
-9999.00
-9999.00
-9999.00
-9999.00
-9999.00
-9999.00
-9999.00
-9999.00
-9999.00
-9999.00
-9999.00
-9999.00
-9999.00
-9999.00
-9999.00
0.00
27.00
28.00
30.00
28.00
87.00
0.00
0.00
0.00
24.00
16.00
22.00
0.00
15.00
0.00
0.00
0.00
0.00
18.00
21.00
11.00
14.00
0.00
0.00
0.00
0.00
0.00
0.00
0.00
0.00
0.00
-9999.00
-9999.00
-9999.00
-9999.00
-9999.00
-9999.00
-9999.00
-9999.00
-9999.00
-9999.00
-9999.00
-9999.00
-9999.00
-9999.00
-9999.00
-9999.00
-9999.00
-9999.00
-9999.00
-9999.00
-9999.00
-9999.00
-9999.00
-9999.00
-9999.00
-9999.00
-9999.00
-9999.00
-9999.00
-9999.00
-9999.00
-9999.00
-9999.00
-9999.00
-9999.00
-9999.00
-9999.00
-9999.00
-9999.00
-9999.00
-9999.00
-9999.00
-9999.00
-9999.00
-9999.00
-9999.00
-9999.00
-9999.00
-9999.00
-9999.00
-9999.00
-9999.00
-9999.00
-9999.00
-9999.00
-9999.00
-9999.00
-9999.00
-9999.00
0.00
0.00
0.00
0.00
0.00
22.00
0.00
0.00
0.00
70.00
25.00
0.00
10.00
6.00
0.00
0.00
0.00
80.00
70.00
0.00
0.00
0.00
0.00
0.00
0.00
0.00
0.00
0.00
11.00
0.00
-9999.00
-9999.00
-9999.00
-9999.00
-9999.00
-9999.00
-9999.00
-9999.00
-9999.00
-9999.00
-9999.00
-9999.00
-9999.00
-9999.00
-9999.00
-9999.00
-9999.00
-9999.00
-9999.00
-9999.00
-9999.00
-9999.00
-9999.00
-9999.00
-9999.00
-9999.00
-9999.00
-9999.00
-9999.00
-9999.00
-9999.00
0.00
0.00
0.00
32.00
23.00
0.00
0.00
0.00
0.00
0.00
0.00
0.00
0.00
0.00
0.00
0.00
0.00
0.00
0.00
0.00
0.00
0.00
45.00
0.00
0.00
0.00
0.00
0.00
12.00
0.00
0.00
0.00
0.00
0.00
0.00
0.00
0.00
0.00
0.00
0.00
0.00
0.00
0.00
0.00
0.00
0.00
0.00
0.00
0.00
0.00
0.00
0.00
0.00
0.00
0.00
7.00
27.00
0.00
0.00
0.00
3.00
0.00
0.00
0.00
0.00
0.00
0.00
0.00
0.00
0.00
0.00
0.00
0.00
0.00
0.00
0.00
0.00
0.00
0.00
0.00
0.00
0.00
0.00
0.00
0.00
0.00
0.00
0.00
0.00
0.00
0.00
0.00
0.00
0.00
0.00
54.00
0.00
0.00
0.00
0.00
0.00
0.00
0.00
19.00
7.00
0.00
0.00
0.00
0.00
0.00
19.00
6.00
0.00
0.00
0.00
0.00
8.00
0.00
0.00
0.00
0.00
0.00
0.00
0.00
0.00
0.00
0.00
0.00
0.00
0.00
0.00
0.00
0.00
0.00
0.00
0.00
0.00
0.00
0.00
0.00
0.00
0.00
0.00
0.00
0.00
0.00
0.00
0.00
0.00
0.00
0.00
0.00
33.00
0.00
19.00
0.00
42.00
58.00
44.00
33.00
0.00
0.00
30.00
11.00
0.00
0.00
0.00
0.00
16.00
0.00
0.00
0.00
0.00
0.00
0.00
0.00
0.00
0.00
12.00
0.00
0.00
0.00
14.00
0.00
46.00
15.00
21.00
16.00
6.00
21.00
0.00
5.00
0.00
0.00
38.00
19.00
20.00
72.00
27.00
97.00
78.00
76.00
40.00
0.00
0.00
0.00
0.00
0.00
0.00
0.00
0.00
0.00
0.00
0.00
-9999.00
-9999.00
-9999.00
-9999.00
-9999.00
-9999.00
-9999.00
-9999.00
-9999.00
-9999.00
-9999.00
-9999.00
-9999.00
-9999.00
-9999.00
-9999.00
-9999.00
-9999.00
-9999.00
-9999.00
-9999.00
-9999.00
-9999.00
-9999.00
-9999.00
-9999.00
-9999.00
-9999.00
-9999.00
-9999.00
-9999.00
0.00
0.00
0.00
0.00
0.00
0.00
0.00
0.00
0.00
0.00
0.00
0.00
0.00
24.00
12.00
87.00
93.00
21.00
10.00
0.00
0.00
3.00
0.00
0.00
85.00
14.00
65.00
12.00
15.00
0.00
0.00
0.00
0.00
0.00
0.00
27.00
29.00
2.00
0.00
0.00
46.00
32.00
7.00
30.00
0.00
0.00
0.00
0.00
0.00
45.00
0.00
0.00
0.00
4.00
8.00
0.00
0.00
28.00
16.00
0.00
0.10
8.00
0.00
16.00
0.00
6.00
0.00
0.00
0.00
8.00
0.00
0.00
0.00
0.00
0.00
0.00
0.00
0.00
0.00
0.00
0.00
0.00
0.00
0.00
0.00
0.00
0.00
0.00
0.00
0.00
0.00
0.00
0.00
0.00
0.00
0.00
0.00
0.00
0.00
0.00
1.00
0.00
1.00
0.00
0.00
0.00
0.00
0.00
19.00
0.00
0.00
17.00
0.00
0.00
0.00
0.00
0.00
0.00
0.00
0.00
66.00
-9999.00
-9999.00
-9999.00
-9999.00
-9999.00
-9999.00
-9999.00
-9999.00
-9999.00
-9999.00
-9999.00
-9999.00
-9999.00
-9999.00
-9999.00
-9999.00
-9999.00
-9999.00
-9999.00
-9999.00
-9999.00
-9999.00
-9999.00
-9999.00
-9999.00
-9999.00
-9999.00
-9999.00
-9999.00
-9999.00
-9999.00
-9999.00
-9999.00
-9999.00
-9999.00
-9999.00
-9999.00
-9999.00
-9999.00
-9999.00
-9999.00
-9999.00
-9999.00
-9999.00
-9999.00
-9999.00
-9999.00
-9999.00
-9999.00
-9999.00
-9999.00
-9999.00
-9999.00
-9999.00
-9999.00
-9999.00
-9999.00
-9999.00
-9999.00
-9999.00
-9999.00
-9999.00
-9999.00
-9999.00
-9999.00
-9999.00
-9999.00
-9999.00
-9999.00
-9999.00
-9999.00
-9999.00
-9999.00
-9999.00
-9999.00
-9999.00
-9999.00
-9999.00
-9999.00
-9999.00
-9999.00
-9999.00
-9999.00
-9999.00
-9999.00
-9999.00
-9999.00
-9999.00
-9999.00
-9999.00
-9999.00
-9999.00
-9999.00
-9999.00
-9999.00
-9999.00
-9999.00
-9999.00
-9999.00
-9999.00
-9999.00
-9999.00
-9999.00
-9999.00
-9999.00
-9999.00
-9999.00
-9999.00
-9999.00
-9999.00
-9999.00
-9999.00
-9999.00
-9999.00
-9999.00
-9999.00
-9999.00
-9999.00
-9999.00
-9999.00
-9999.00
-9999.00
-9999.00
-9999.00
-9999.00
-9999.00
-9999.00
-9999.00
-9999.00
-9999.00
-9999.00
-9999.00
-9999.00
-9999.00
-9999.00
-9999.00
-9999.00
-9999.00
-9999.00
-9999.00
-9999.00
-9999.00
-9999.00
-9999.00
-9999.00
-9999.00
-9999.00
-9999.00
-9999.00
-9999.00
-9999.00
-9999.00
-9999.00
-9999.00
-9999.00
-9999.00
-9999.00
-9999.00
-9999.00
-9999.00
-9999.00
-9999.00
-9999.00
-9999.00
-9999.00
-9999.00
-9999.00
-9999.00
-9999.00
-9999.00
-9999.00
-9999.00
-9999.00
-9999.00
-9999.00
-9999.00
-9999.00
-9999.00
-9999.00
-9999.00
-9999.00
-9999.00
-9999.00
-9999.00
-9999.00
-9999.00
-9999.00
-9999.00
-9999.00
-9999.00
-9999.00
-9999.00
-9999.00
-9999.00
-9999.00
-9999.00
-9999.00
-9999.00
-9999.00
-9999.00
-9999.00
-9999.00
-9999.00
-9999.00
-9999.00
-9999.00
-9999.00
-9999.00
-9999.00
-9999.00
-9999.00
-9999.00
-9999.00
-9999.00
-9999.00
-9999.00
-9999.00
-9999.00
-9999.00
-9999.00
-9999.00
-9999.00
-9999.00
-9999.00
-9999.00
-9999.00
-9999.00
-9999.00
-9999.00
-9999.00
-9999.00
-9999.00
-9999.00
-9999.00
-9999.00
-9999.00
-9999.00
-9999.00
-9999.00
-9999.00
-9999.00
-9999.00
-9999.00
-9999.00
-9999.00
-9999.00
-9999.00
-9999.00
-9999.00
-9999.00
-9999.00
-9999.00
-9999.00
-9999.00
-9999.00
-9999.00
-9999.00
-9999.00
-9999.00
-9999.00
-9999.00
-9999.00
-9999.00
-9999.00
-9999.00
-9999.00
-9999.00
-9999.00
-9999.00
-9999.00
-9999.00
-9999.00
-9999.00
-9999.00
-9999.00
-9999.00
-9999.00
-9999.00
-9999.00
-9999.00
-9999.00
-9999.00
-9999.00
-9999.00
-9999.00
-9999.00
-9999.00
-9999.00
-9999.00
-9999.00
-9999.00
-9999.00
-9999.00
-9999.00
-9999.00
-9999.00
-9999.00
-9999.00
-9999.00
-9999.00
-9999.00
-9999.00
-9999.00
-9999.00
-9999.00
-9999.00
-9999.00
-9999.00
-9999.00
-9999.00
-9999.00
-9999.00
-9999.00
-9999.00
-9999.00
-9999.00
-9999.00
-9999.00
-9999.00
-9999.00
-9999.00
-9999.00
-9999.00
-9999.00
-9999.00
-9999.00
-9999.00
-9999.00
-9999.00
-9999.00
-9999.00
-9999.00
-9999.00
-9999.00
-9999.00
-9999.00
-9999.00
-9999.00
-9999.00
-9999.00
-9999.00
-9999.00
-9999.00
-9999.00
-9999.00
-9999.00
-9999.00
-9999.00
-9999.00
-9999.00
-9999.00
-9999.00
-9999.00
-9999.00
-9999.00
-9999.00
-9999.00
-9999.00
-9999.00
-9999.00
-9999.00
-9999.00
-9999.00
-9999.00
-9999.00
-9999.00
-9999.00
-9999.00
-9999.00
-9999.00
-9999.00
-9999.00
-9999.00
-9999.00
-9999.00
-9999.00
-9999.00
-9999.00
-9999.00
-9999.00
-9999.00
-9999.00
-9999.00
-9999.00
-9999.00
-9999.00
-9999.00
-9999.00
-9999.00
-9999.00
-9999.00
-9999.00
-9999.00
-9999.00
-9999.00
-9999.00
-9999.00
-9999.00
-9999.00
-9999.00
-9999.00
-9999.00
-9999.00
-9999.00
-9999.00
-9999.00
-9999.00
-9999.00
-9999.00
-9999.00
-9999.00
-9999.00
-9999.00
-9999.00
-9999.00
-9999.00
-9999.00
-9999.00
-9999.00
-9999.00
-9999.00
-9999.00
-9999.00
-9999.00
-9999.00
-9999.00
-9999.00
-9999.00
-9999.00
-9999.00
-9999.00
-9999.00
-9999.00
-9999.00
-9999.00
-9999.00
-9999.00
-9999.00
-9999.00
-9999.00
-9999.00
-9999.00
-9999.00
-9999.00
-9999.00
-9999.00
-9999.00
-9999.00
-9999.00
-9999.00
-9999.00
-9999.00
-9999.00
-9999.00
-9999.00
-9999.00
-9999.00
-9999.00
-9999.00
-9999.00
-9999.00
-9999.00
-9999.00
-9999.00
-9999.00
-9999.00
-9999.00
-9999.00
-9999.00
-9999.00
-9999.00
-9999.00
-9999.00
-9999.00
-9999.00
-9999.00
-9999.00
-9999.00
-9999.00
-9999.00
-9999.00
-9999.00
-9999.00
-9999.00
-9999.00
-9999.00
-9999.00
-9999.00
-9999.00
-9999.00
-9999.00
-9999.00
-9999.00
-9999.00
-9999.00
-9999.00
-9999.00
-9999.00
-9999.00
-9999.00
-9999.00
-9999.00
-9999.00
-9999.00
-9999.00
-9999.00
-9999.00
-9999.00
-9999.00
-9999.00
-9999.00
-9999.00
-9999.00
-9999.00
-9999.00
-9999.00
-9999.00
-9999.00
-9999.00
-9999.00
-9999.00
-9999.00
-9999.00
-9999.00
-9999.00
-9999.00
-9999.00
-9999.00
-9999.00
-9999.00
-9999.00
-9999.00
-9999.00
-9999.00
-9999.00
-9999.00
-9999.00
-9999.00
-9999.00
-9999.00
-9999.00
-9999.00
-9999.00
-9999.00
-9999.00
-9999.00
-9999.00
-9999.00
-9999.00
-9999.00
-9999.00
-9999.00
-9999.00
-9999.00
-9999.00
-9999.00
-9999.00
-9999.00
-9999.00
-9999.00
-9999.00
-9999.00
-9999.00
-9999.00
-9999.00
-9999.00
-9999.00
-9999.00
-9999.00
-9999.00
-9999.00
-9999.00
-9999.00
-9999.00
-9999.00
-9999.00
-9999.00
-9999.00
-9999.00
-9999.00
-9999.00
-9999.00
-9999.00
-9999.00
-9999.00
-9999.00
-9999.00
-9999.00
-9999.00
-9999.00
-9999.00
-9999.00
-9999.00
-9999.00
-9999.00
-9999.00
-9999.00
-9999.00
-9999.00
-9999.00
-9999.00
-9999.00
-9999.00
-9999.00
-9999.00
-9999.00
-9999.00
-9999.00
-9999.00
-9999.00
-9999.00
-9999.00
-9999.00
-9999.00
-9999.00
-9999.00
-9999.00
-9999.00
-9999.00
-9999.00
-9999.00
-9999.00
-9999.00
-9999.00
-9999.00
-9999.00
-9999.00
-9999.00
-9999.00
-9999.00
-9999.00
-9999.00
-9999.00
-9999.00
-9999.00
-9999.00
-9999.00
-9999.00
-9999.00
-9999.00
-9999.00
-9999.00
-9999.00
-9999.00
-9999.00
-9999.00
-9999.00
-9999.00
-9999.00
-9999.00
-9999.00
-9999.00
-9999.00
-9999.00
-9999.00
-9999.00
-9999.00
-9999.00
-9999.00
-9999.00
-9999.00
-9999.00
-9999.00
-9999.00
-9999.00
-9999.00
-9999.00
-9999.00
-9999.00
-9999.00
-9999.00
-9999.00
-9999.00
-9999.00
-9999.00
-9999.00
-9999.00
-9999.00
-9999.00
-9999.00
-9999.00
-9999.00
-9999.00
-9999.00
-9999.00
-9999.00
-9999.00
-9999.00
-9999.00
-9999.00
-9999.00
-9999.00
-9999.00
-9999.00
-9999.00
-9999.00
-9999.00
-9999.00
-9999.00
-9999.00
-9999.00
-9999.00
-9999.00
-9999.00
-9999.00
-9999.00
-9999.00
-9999.00
-9999.00
-9999.00
-9999.00
-9999.00
-9999.00
-9999.00
-9999.00
-9999.00
-9999.00
-9999.00
-9999.00
-9999.00
-9999.00
-9999.00
-9999.00
-9999.00
-9999.00
-9999.00
-9999.00
-9999.00
-9999.00
-9999.00
-9999.00
-9999.00
-9999.00
-9999.00
-9999.00
-9999.00
-9999.00
-9999.00
-9999.00
-9999.00
-9999.00
-9999.00
-9999.00
-9999.00
-9999.00
-9999.00
-9999.00
-9999.00
-9999.00
-9999.00
-9999.00
-9999.00
-9999.00
-9999.00
-9999.00
-9999.00
-9999.00
-9999.00
-9999.00
-9999.00
-9999.00
-9999.00
-9999.00
-9999.00
-9999.00
-9999.00
-9999.00
-9999.00
-9999.00
-9999.00
-9999.00
-9999.00
-9999.00
-9999.00
-9999.00
-9999.00
-9999.00
-9999.00
-9999.00
-9999.00
-9999.00
-9999.00
-9999.00
-9999.00
-9999.00
-9999.00
-9999.00
-9999.00
-9999.00
-9999.00
-9999.00
-9999.00
-9999.00
-9999.00
-9999.00
-9999.00
-9999.00
-9999.00
-9999.00
-9999.00
-9999.00
-9999.00
-9999.00
-9999.00
-9999.00
-9999.00
-9999.00
-9999.00
-9999.00
-9999.00
-9999.00
-9999.00
-9999.00
-9999.00
-9999.00
-9999.00
-9999.00
-9999.00
-9999.00
-9999.00
-9999.00
-9999.00
-9999.00
-9999.00
-9999.00
-9999.00
-9999.00
-9999.00
-9999.00
-9999.00
-9999.00
-9999.00
-9999.00
-9999.00
-9999.00
-9999.00
-9999.00
-9999.00
-9999.00
-9999.00
-9999.00
-9999.00
-9999.00
-9999.00
-9999.00
-9999.00
-9999.00
-9999.00
-9999.00
-9999.00
-9999.00
-9999.00
-9999.00
-9999.00
-9999.00
-9999.00
-9999.00
-9999.00
-9999.00
-9999.00
-9999.00
-9999.00
-9999.00
-9999.00
-9999.00
-9999.00
-9999.00
-9999.00
-9999.00
-9999.00
-9999.00
-9999.00
-9999.00
-9999.00
-9999.00
-9999.00
-9999.00
-9999.00
-9999.00
-9999.00
-9999.00
-9999.00
-9999.00
-9999.00
-9999.00
-9999.00
-9999.00
-9999.00
-9999.00
-9999.00
-9999.00
-9999.00
-9999.00
-9999.00
-9999.00
-9999.00
-9999.00
-9999.00
-9999.00
-9999.00
-9999.00
-9999.00
-9999.00
-9999.00
-9999.00
-9999.00
-9999.00
-9999.00
-9999.00
-9999.00
-9999.00
-9999.00
-9999.00
-9999.00
-9999.00
-9999.00
-9999.00
-9999.00
-9999.00
-9999.00
-9999.00
-9999.00
-9999.00
-9999.00
-9999.00
-9999.00
-9999.00
-9999.00
-9999.00
-9999.00
-9999.00
-9999.00
-9999.00
-9999.00
-9999.00
-9999.00
-9999.00
-9999.00
-9999.00
-9999.00
-9999.00
-9999.00
-9999.00
-9999.00
-9999.00
-9999.00
-9999.00
-9999.00
-9999.00
-9999.00
-9999.00
-9999.00
-9999.00
-9999.00
-9999.00
-9999.00
-9999.00
-9999.00
-9999.00
-9999.00
-9999.00
-9999.00
-9999.00
-9999.00
-9999.00
-9999.00
-9999.00
-9999.00
-9999.00
-9999.00
-9999.00
-9999.00
-9999.00
-9999.00
-9999.00
-9999.00
-9999.00
-9999.00
-9999.00
-9999.00
-9999.00
-9999.00
-9999.00
-9999.00
-9999.00
-9999.00
-9999.00
-9999.00
-9999.00
-9999.00
-9999.00
-9999.00
-9999.00
-9999.00
-9999.00
-9999.00
-9999.00
-9999.00
-9999.00
-9999.00
-9999.00
-9999.00
-9999.00
-9999.00
-9999.00
-9999.00
-9999.00
-9999.00
-9999.00
-9999.00
-9999.00
-9999.00
-9999.00
-9999.00
-9999.00
-9999.00
-9999.00
-9999.00
-9999.00
-9999.00
-9999.00
-9999.00
-9999.00
-9999.00
-9999.00
-9999.00
-9999.00
-9999.00
-9999.00
-9999.00
-9999.00
-9999.00
-9999.00
-9999.00
-9999.00
-9999.00
-9999.00
-9999.00
-9999.00
-9999.00
-9999.00
-9999.00
-9999.00
-9999.00
-9999.00
-9999.00
-9999.00
-9999.00
-9999.00
-9999.00
-9999.00
-9999.00
-9999.00
-9999.00
-9999.00
-9999.00
-9999.00
-9999.00
-9999.00
-9999.00
-9999.00
-9999.00
-9999.00
-9999.00
-9999.00
-9999.00
-9999.00
-9999.00
-9999.00
-9999.00
-9999.00
-9999.00
-9999.00
-9999.00
-9999.00
-9999.00
-9999.00
-9999.00
-9999.00
-9999.00
-9999.00
-9999.00
-9999.00
-9999.00
-9999.00
-9999.00
-9999.00
-9999.00
-9999.00
-9999.00
-9999.00
-9999.00
-9999.00
-9999.00
-9999.00
-9999.00
-9999.00
-9999.00
-9999.00
-9999.00
-9999.00
-9999.00
-9999.00
-9999.00
-9999.00
-9999.00
-9999.00
-9999.00
-9999.00
-9999.00
-9999.00
-9999.00
-9999.00
-9999.00
-9999.00
-9999.00
-9999.00
-9999.00
-9999.00
-9999.00
-9999.00
-9999.00
-9999.00
-9999.00
-9999.00
-9999.00
-9999.00
-9999.00
-9999.00
-9999.00
-9999.00
-9999.00
-9999.00
-9999.00
-9999.00
-9999.00
-9999.00
-9999.00
-9999.00
-9999.00
-9999.00
-9999.00
-9999.00
-9999.00
-9999.00
-9999.00
-9999.00
-9999.00
-9999.00
-9999.00
-9999.00
-9999.00
-9999.00
-9999.00
-9999.00
-9999.00
-9999.00
-9999.00
-9999.00
-9999.00
-9999.00
-9999.00
-9999.00
-9999.00
-9999.00
-9999.00
-9999.00
-9999.00
-9999.00
-9999.00
-9999.00
-9999.00
-9999.00
-9999.00
-9999.00
-9999.00
-9999.00
-9999.00
-9999.00
-9999.00
-9999.00
-9999.00
-9999.00
-9999.00
-9999.00
-9999.00
-9999.00
-9999.00
-9999.00
-9999.00
-9999.00
-9999.00
-9999.00
-9999.00
-9999.00
-9999.00
-9999.00
-9999.00
-9999.00
-9999.00
-9999.00
-9999.00
-9999.00
-9999.00
-9999.00
-9999.00
-9999.00
-9999.00
-9999.00
-9999.00
-9999.00
-9999.00
-9999.00
-9999.00
-9999.00
-9999.00
-9999.00
-9999.00
-9999.00
-9999.00
-9999.00
-9999.00
-9999.00
-9999.00
-9999.00
-9999.00
-9999.00
-9999.00
-9999.00
-9999.00
-9999.00
-9999.00
-9999.00
-9999.00
-9999.00
-9999.00
-9999.00
-9999.00
-9999.00
-9999.00
-9999.00
-9999.00
-9999.00
-9999.00
-9999.00
-9999.00
-9999.00
-9999.00
0.00
0.00
0.00
0.00
67.00
0.00
0.00
10.00
0.00
0.00
0.00
0.00
0.00
11.00
10.00
25.50
9.50
0.00
0.00
0.00
0.00
0.00
0.00
0.00
0.00
0.00
60.00
0.00
0.00
1.00
0.00
0.00
0.00
0.00
0.00
0.00
0.00
0.00
0.00
0.00
0.00
0.00
0.00
0.00
0.00
0.00
0.00
0.00
0.00
0.00
0.00
0.00
0.00
0.00
20.00
0.00
0.00
0.00
0.00
0.00
0.00
0.00
0.00
0.00
0.00
0.00
0.00
0.00
0.00
0.00
0.00
0.00
0.00
0.00
0.00
0.00
0.00
0.00
0.00
0.00
0.00
0.00
0.00
0.00
0.00
0.00
0.00
0.00
0.00
0.00
0.00
0.00
0.00
0.00
0.00
0.00
0.00
5.00
70.00
16.00
0.00
0.00
0.00
20.00
12.00
47.00
9.00
20.00
6.00
13.00
0.00
19.00
32.00
12.00
6.40
20.00
17.60
5.00
0.00
7.00
70.00
33.00
0.00
0.00
0.00
0.00
0.00
0.00
6.00
6.00
0.00
0.00
0.00
0.00
0.00
0.00
0.00
0.00
0.00
9.00
5.00
0.00
0.00
0.00
0.00
0.00
0.00
0.00
2.00
40.00
6.00
30.00
8.00
0.00
0.00
0.00
0.00
0.00
0.00
0.00
0.00
12.00
15.00
14.00
11.00
35.00
0.00
0.00
0.00
0.00
0.00
0.00
0.00
0.00
5.00
7.00
0.00
0.00
0.00
0.00
0.00
0.00
0.00
0.00
25.00
0.00
0.00
0.00
0.00
1.00
7.00
3.00
0.00
0.00
0.00
0.00
0.00
0.00
0.00
0.00
0.00
0.00
0.00
0.00
0.00
0.00
0.00
0.00
0.00
0.00
0.00
0.00
0.00
0.00
0.00
0.00
0.00
0.00
0.00
0.00
0.10
0.00
19.00
2.00
0.00
0.00
0.00
0.00
0.00
0.00
1.00
7.00
0.00
0.00
0.00
0.00
0.00
0.00
0.00
0.00
0.00
0.00
0.00
0.00
0.00
0.00
0.00
0.00
0.00
0.00
0.00
0.00
0.00
0.00
0.00
0.00
0.00
0.00
0.00
0.00
0.00
0.00
0.00
0.00
0.00
0.10
0.00
0.00
0.00
0.00
0.00
0.00
0.00
0.00
0.00
0.00
0.00
0.10
0.00
0.00
0.00
0.00
0.00
0.00
0.00
0.00
0.00
0.00
0.00
0.00
0.00
0.00
0.00
0.00
0.00
0.00
0.00
0.00
0.00
0.00
0.00
13.00
0.00
0.00
0.00
0.00
4.00
0.00
0.00
0.00
0.00
0.00
0.00
0.00
0.00
0.00
0.00
0.00
0.00
0.10
0.00
0.00
0.00
0.00
0.00
0.00
0.00
0.00
0.00
0.00
0.00
0.00
0.00
0.00
0.00
0.00
0.00
0.00
0.00
0.00
0.00
0.00
0.00
0.00
0.00
0.00
0.00
0.00
0.00
0.00
0.00
0.00
0.00
0.00
0.00
0.00
0.00
0.00
0.10
0.00
0.00
0.00
0.00
0.00
0.00
0.00
59.00
62.00
41.00
6.00
0.00
14.00
0.00
60.00
11.50
0.00
0.00
0.00
0.00
0.00
0.00
17.00
3.50
0.00
7.00
0.00
0.00
0.00
0.00
0.00
0.00
0.00
0.00
11.00
17.00
18.00
0.00
0.00
3.00
0.00
0.00
0.00
3.00
11.00
0.00
7.00
15.00
3.00
0.00
63.00
0.00
40.00
27.50
167.00
10.00
0.00
0.00
0.00
0.00
0.00
0.00
0.00
0.00
0.00
10.00
1.00
0.10
0.00
0.00
0.00
0.00
10.00
16.50
1.00
0.00
32.00
1.00
19.00
42.00
175.00
34.00
108.00
0.00
18.50
0.00
0.00
0.00
0.00
0.00
0.00
0.00
0.00
0.00
0.00
0.00
0.00
0.00
0.00
0.00
12.00
7.00
0.00
0.00
7.00
2.00
0.00
0.00
2.00
0.00
0.00
21.00
9.50
2.00
0.00
1.00
32.00
21.00
0.00
0.00
32.00
29.00
0.00
0.00
22.00
19.00
27.50
0.10
12.00
1.00
8.00
13.50
0.00
0.00
12.50
0.00
0.00
0.00
0.00
20.50
72.00
55.00
31.00
27.00
29.50
5.00
0.00
2.50
1.00
0.00
0.00
19.00
10.50
0.00
0.00
1.50
0.00
0.00
0.10
3.00
0.10
4.00
6.50
0.00
5.00
8.50
0.00
6.00
0.00
0.00
0.00
0.00
0.00
0.00
0.00
0.00
0.00
0.00
0.10
1.00
0.00
0.00
0.00
0.00
3.00
22.00
16.00
0.10
0.00
0.00
0.00
0.00
0.00
0.00
0.00
0.00
0.00
0.00
0.00
0.00
0.00
0.10
0.00
0.10
0.00
0.00
0.00
0.10
0.00
0.00
0.00
0.00
0.00
0.00
0.00
0.00
0.00
0.00
0.00
0.00
0.00
0.00
0.00
0.00
0.00
0.00
0.10
0.10
0.10
0.10
0.00
0.10
0.00
0.00
0.00
0.00
0.00
0.00
0.00
0.00
0.00
0.00
0.00
0.00
0.00
0.00
0.00
0.00
0.00
0.00
0.00
0.00
0.10
0.40
0.10
0.00
0.00
0.00
0.00
0.00
0.00
0.00
0.00
0.00
0.00
0.00
0.00
0.00
0.00
0.00
0.00
0.00
0.00
0.00
0.00
0.00
0.00
0.00
0.00
0.00
0.00
0.00
0.00
0.00
0.00
0.00
0.00
0.00
0.00
0.00
0.00
0.00
0.00
0.00
0.00
0.00
0.00
0.00
0.00
0.00
0.00
0.00
0.00
0.00
0.00
0.00
0.00
0.00
0.00
0.00
0.00
14.00
0.00
0.00
0.00
0.00
0.00
0.00
0.00
4.00
0.00
0.00
0.00
10.20
20.00
30.00
0.00
0.00
0.00
0.00
0.00
0.00
0.00
0.00
0.00
0.00
0.00
0.00
0.00
0.00
10.00
3.00
10.00
14.00
7.00
0.10
0.00
0.00
0.00
0.00
0.00
11.00
0.00
1.00
0.00
0.00
0.00
0.00
20.00
33.50
3.00
0.00
0.00
0.00
0.00
0.00
0.00
0.00
0.00
0.00
0.00
0.00
0.00
0.00
0.00
0.00
0.00
0.00
0.00
0.00
17.00
15.00
0.70
0.00
0.00
5.00
10.50
0.00
0.00
0.00
4.00
30.00
3.00
70.00
15.50
24.50
0.00
4.20
0.00
0.00
0.00
2.00
1.50
0.00
0.00
10.00
0.00
0.10
0.00
0.00
0.00
0.00
0.00
0.00
0.00
0.00
0.00
0.00
30.00
0.00
0.00
0.00
0.00
0.00
0.00
0.00
15.00
0.00
0.20
7.00
25.00
22.00
5.00
9.00
38.50
62.40
10.00
65.20
25.00
15.00
10.00
2.00
27.00
56.00
75.00
80.00
28.00
2.00
0.00
16.00
0.00
0.00
0.00
0.00
0.00
0.00
0.00
10.10
0.00
0.00
0.00
3.20
0.00
3.10
0.00
0.00
0.00
0.00
2.00
0.00
2.00
0.00
0.00
0.00
0.00
0.00
3.00
0.00
0.00
0.00
0.00
0.00
0.00
0.00
0.00
0.00
0.00
0.00
0.00
0.00
0.00
0.00
0.00
24.00
3.00
0.00
0.00
0.00
0.00
0.00
0.00
0.00
0.00
2.00
7.00
10.00
0.00
0.00
0.00
0.00
0.00
0.00
15.50
10.00
0.10
0.00
0.00
9.60
35.70
20.00
0.00
0.00
0.00
9.10
30.00
17.10
0.00
0.00
2.20
4.80
0.00
0.10
0.40
0.00
0.00
0.00
0.00
0.00
0.00
0.00
0.00
0.00
0.10
0.00
0.00
0.00
0.00
0.00
0.00
0.00
0.00
0.00
0.00
0.00
0.00
0.00
4.00
3.00
11.00
0.00
0.10
0.90
13.00
2.00
0.00
0.50
0.00
0.00
0.00
0.00
0.00
0.00
0.00
0.00
0.00
0.00
0.00
0.00
0.00
0.10
0.00
0.00
0.00
0.00
0.00
0.00
0.00
0.00
2.40
1.60
42.30
3.00
0.00
0.00
0.00
0.00
0.00
0.00
0.00
0.00
11.00
0.00
0.00
0.00
0.00
0.00
0.10
0.00
0.00
0.00
0.00
0.00
0.00
0.00
0.00
0.00
0.00
0.00
0.00
0.00
0.00
0.00
0.00
0.00
0.00
0.00
0.00
0.00
0.00
0.00
0.00
0.00
0.00
0.00
0.00
0.00
0.00
0.00
0.00
0.00
0.00
0.00
0.00
0.00
0.00
0.00
0.00
0.00
0.00
0.10
0.00
0.00
0.00
0.00
0.00
0.00
0.00
0.00
0.00
0.00
0.00
0.00
0.00
0.00
0.00
0.00
0.00
0.00
0.00
0.00
0.00
0.00
0.00
0.10
0.00
0.00
0.00
0.40
0.00
0.00
0.00
0.00
0.00
0.00
0.00
0.00
0.00
0.00
0.00
0.00
0.00
0.00
0.00
0.00
0.00
0.00
0.00
0.00
0.00
0.00
0.00
0.10
0.00
0.00
0.00
0.00
0.00
0.00
0.00
0.00
0.00
0.00
0.10
11.00
0.00
0.10
16.30
0.00
0.00
0.00
0.00
0.00
0.00
0.00
0.00
0.00
0.00
0.00
0.00
0.00
0.00
0.00
0.00
0.00
0.00
0.00
0.00
0.00
0.00
0.00
0.00
0.00
0.00
0.00
0.10
0.00
0.00
0.00
17.70
0.10
10.20
0.00
0.00
0.00
12.00
34.10
11.00
0.00
0.00
0.00
2.00
0.00
0.00
0.00
9.40
19.10
0.00
0.00
0.00
0.00
0.00
0.00
0.00
0.10
0.90
0.00
0.00
0.00
0.00
0.00
0.00
0.00
0.00
0.00
0.00
0.00
0.00
0.10
0.00
0.00
0.00
0.00
0.00
2.60
12.00
15.00
8.00
6.10
0.00
0.00
30.00
35.50
0.00
0.00
0.00
0.00
0.00
0.00
12.20
0.80
4.00
0.20
0.00
0.00
46.80
9.10
72.00
125.00
15.00
15.00
11.00
0.00
0.10
0.00
0.00
0.00
0.00
4.60
0.90
9.00
0.00
0.00
0.00
0.00
0.00
0.00
0.00
0.00
0.40
0.00
0.00
0.00
0.00
12.50
10.00
0.00
0.00
0.00
0.00
0.00
0.00
0.00
0.00
0.00
0.00
0.00
0.00
0.00
0.00
0.00
0.00
0.00
0.00
2.90
13.60
0.00
0.00
0.00
0.00
0.10
7.60
1.30
21.00
0.00
40.00
29.90
2.00
0.00
0.00
0.00
0.00
0.00
0.00
0.00
0.00
11.60
31.00
25.00
0.00
25.10
23.00
19.00
0.00
4.60
12.00
1.50
8.40
0.00
0.00
12.30
0.00
0.00
0.00
0.00
0.00
0.00
0.00
0.10
1.00
28.20
1.00
0.00
0.00
0.20
3.50
12.30
0.00
1.50
21.00
0.10
0.00
0.00
0.00
2.00
20.00
12.40
21.50
1.10
0.10
0.00
0.00
0.00
4.00
0.00
5.30
7.00
0.00
0.00
5.10
2.00
4.00
17.50
8.10
16.20
0.20
0.00
0.00
0.00
0.00
0.00
0.00
8.20
15.40
3.20
0.00
8.10
0.00
0.00
0.00
0.00
0.00
0.00
0.00
0.00
0.00
0.00
0.00
0.00
0.00
0.00
0.00
0.00
0.00
0.00
0.00
0.00
0.00
0.00
0.00
0.00
0.00
0.00
0.00
0.00
0.00
0.00
0.00
0.00
0.00
0.00
0.00
0.00
13.00
0.00
0.00
0.00
0.00
0.00
0.00
0.00
0.00
0.00
0.00
0.00
0.00
0.00
0.00
0.00
0.10
0.00
0.00
0.00
0.00
0.00
0.00
0.00
0.10
0.00
0.00
0.00
0.00
0.00
0.00
0.00
0.00
0.00
0.00
0.00
0.00
0.00
0.00
0.00
0.00
0.00
0.00
0.00
0.00
0.10
0.10
0.00
0.00
0.00
0.00
0.00
0.00
0.00
0.00
0.00
0.00
0.00
0.00
0.00
0.00
0.00
9.90
3.10
0.00
0.00
0.00
0.00
0.00
0.00
0.50
1.00
0.10
0.80
0.00
0.00
0.00
0.00
0.00
0.00
0.00
0.00
0.00
0.00
0.00
0.00
0.00
0.00
0.00
0.20
0.00
0.00
0.00
0.00
0.00
0.00
0.00
0.00
0.00
0.00
0.00
0.00
0.00
0.00
0.00
0.00
0.00
0.00
0.00
0.00
0.20
0.00
0.00
0.00
0.00
24.00
2.50
5.40
4.50
1.00
0.30
0.00
0.00
0.00
0.00
0.00
0.00
0.00
0.00
0.00
0.00
0.00
0.00
0.00
0.00
17.00
0.00
0.00
1.50
44.50
0.00
0.00
27.00
5.30
3.10
0.00
3.00
0.00
0.00
0.00
0.00
0.00
0.00
0.10
0.20
0.00
0.00
0.00
0.00
0.00
0.00
0.10
0.10
0.30
0.00
0.00
1.90
2.00
18.10
1.20
0.00
23.10
6.80
0.00
0.00
7.10
2.30
0.00
14.50
6.80
0.00
8.20
0.00
0.10
9.00
16.50
8.10
3.00
0.00
0.00
12.90
0.00
0.00
0.00
0.00
0.00
0.00
0.00
0.00
0.00
0.00
2.00
0.00
9.10
38.00
19.70
0.00
7.50
2.10
5.50
27.00
3.50
19.00
0.00
0.10
0.00
0.00
0.00
0.00
6.00
19.50
0.00
0.00
0.00
0.00
1.20
5.60
0.00
5.20
0.00
3.00
7.10
0.00
0.00
30.00
31.50
6.40
4.60
8.00
0.20
2.00
6.50
0.00
0.00
9.40
11.50
5.60
0.00
3.00
5.00
0.00
0.00
0.00
5.80
0.00
0.00
0.00
0.00
0.00
2.80
0.10
0.10
0.00
0.00
0.00
0.00
0.00
0.00
0.00
0.00
0.20
0.00
0.00
0.00
0.00
0.00
0.00
0.00
0.00
0.00
0.00
0.00
2.50
4.90
3.60
0.60
6.30
16.50
0.00
0.00
0.00
9.00
6.50
0.00
21.00
4.40
19.60
6.20
0.10
2.00
0.00
0.00
0.00
0.00
0.00
0.00
0.10
10.00
8.70
0.00
0.00
0.00
0.00
0.00
0.00
0.00
0.00
0.00
0.00
0.00
0.00
0.00
0.00
0.00
0.00
0.00
0.00
0.00
0.00
0.00
0.00
0.00
0.00
0.00
0.00
12.00
0.00
0.00
0.00
0.00
0.00
0.00
44.20
0.00
0.00
0.00
0.00
0.00
0.00
0.00
0.00
0.00
0.00
0.00
0.00
0.00
0.00
0.00
0.00
0.00
0.00
0.00
0.00
0.00
0.00
0.00
0.00
0.00
0.00
0.00
0.00
0.00
0.00
0.00
0.00
0.00
0.00
0.00
0.00
0.00
0.00
0.00
0.00
0.00
0.00
0.00
0.00
0.00
0.00
0.00
4.00
0.00
0.00
0.00
0.00
0.00
0.00
0.00
0.00
0.00
0.00
0.00
0.00
0.00
0.00
0.00
0.00
0.00
0.00
0.00
0.00
0.00
0.00
0.00
0.00
0.00
0.00
10.00
6.00
2.00
22.40
0.00
0.00
0.00
0.00
0.00
0.00
0.00
21.80
0.00
0.00
0.00
0.00
0.00
0.00
0.00
0.00
0.00
0.00
9.50
27.00
14.00
0.00
0.00
0.00
0.00
0.00
0.00
0.00
0.00
6.00
4.50
0.00
0.00
0.00
0.00
47.00
50.60
0.00
0.00
19.10
17.00
9.00
15.00
54.70
0.00
4.00
0.00
0.00
9.00
58.00
0.00
0.00
0.00
0.00
3.00
0.00
0.00
12.50
0.00
14.30
0.00
0.00
0.00
0.00
0.00
0.00
0.00
0.00
0.00
0.00
0.00
0.00
0.00
9.40
10.00
0.00
0.00
0.00
0.00
0.00
0.00
2.00
0.00
0.00
5.20
0.00
21.50
0.00
4.00
0.00
0.00
0.00
0.00
0.00
5.00
0.00
0.00
0.00
0.00
0.00
0.00
0.00
0.00
0.00
0.00
0.00
0.00
0.00
0.00
0.00
0.00
3.20
47.00
6.70
0.00
0.00
0.00
0.00
0.00
0.00
0.00
0.00
0.00
0.00
0.00
0.00
0.00
0.00
3.00
21.00
9.60
17.40
32.10
54.30
0.00
22.40
56.50
20.00
0.00
0.00
0.00
0.00
0.00
0.00
0.00
0.00
3.00
0.00
3.00
0.00
0.00
0.00
0.00
0.00
0.00
0.00
24.90
0.00
0.00
4.20
15.40
1.20
3.30
0.00
0.00
0.00
0.00
0.00
0.00
0.00
0.00
3.40
0.00
0.00
0.00
0.00
0.00
0.00
0.00
0.00
0.00
3.20
0.00
0.00
0.00
6.40
2.80
5.60
0.00
0.00
0.00
0.00
0.00
0.00
0.00
25.40
5.50
0.00
19.20
0.50
0.00
17.90
37.20
0.00
0.00
0.00
0.00
0.00
0.00
0.00
0.00
0.00
0.00
7.20
0.00
0.00
0.00
0.00
0.00
0.00
0.00
0.00
0.00
0.00
0.00
0.00
0.00
25.40
0.00
0.00
0.00
0.00
0.00
0.00
0.00
0.00
0.00
0.00
0.00
0.00
0.00
0.00
0.00
0.00
0.00
0.00
0.00
0.00
0.00
0.00
0.00
85.60
0.00
37.60
0.00
16.30
0.00
0.00
0.00
0.00
0.00
0.00
0.00
0.00
0.00
0.00
0.00
0.00
0.00
0.00
0.00
3.80
5.60
0.00
0.00
0.00
0.00
4.60
0.00
0.00
0.00
0.00
0.00
0.00
0.00
4.30
0.00
0.00
0.00
0.00
0.00
0.00
0.00
0.00
0.00
0.00
0.00
0.00
0.00
0.00
0.00
0.00
0.00
0.00
0.00
0.00
0.00
0.00
0.00
0.00
0.00
0.00
0.00
0.00
0.00
0.00
0.00
0.00
0.00
0.00
0.00
0.00
0.00
0.00
0.00
0.00
0.00
0.00
0.00
0.00
0.00
0.00
0.00
0.00
0.00
0.00
0.00
0.00
0.00
0.00
0.00
0.00
0.00
0.00
0.00
0.00
0.00
0.00
0.00
0.00
4.20
0.00
0.00
0.00
0.00
0.00
0.00
0.00
0.00
0.00
0.00
0.00
0.00
0.00
0.00
0.00
0.00
0.00
0.00
0.00
0.00
0.00
0.00
0.00
0.00
0.00
0.00
0.00
0.00
0.00
0.00
0.00
0.00
0.00
0.00
0.00
0.00
0.00
0.00
0.00
0.00
0.00
0.00
0.00
0.00
0.00
0.00
0.00
0.00
0.00
0.00
7.20
0.00
0.00
24.30
0.00
11.40
87.40
24.70
10.60
0.00
0.00
0.00
0.00
0.00
0.00
0.00
0.00
0.00
0.00
0.00
0.00
15.30
0.00
2.40
0.00
0.00
0.00
0.00
0.00
2.30
7.60
0.00
0.00
0.00
0.00
0.00
0.00
0.00
0.00
0.00
0.00
0.00
7.40
4.60
10.90
0.00
0.00
0.00
0.00
0.00
2.30
0.00
0.00
0.00
0.00
0.00
0.00
0.00
0.00
0.00
0.00
0.00
0.00
0.00
0.00
0.00
0.00
4.20
3.40
82.70
60.40
5.70
4.30
0.00
0.00
0.00
2.30
7.20
0.00
0.00
0.00
0.00
16.50
0.00
32.70
0.00
0.00
0.00
16.20
0.00
0.00
0.00
0.00
0.00
0.00
0.00
0.00
0.00
0.00
0.00
0.00
0.00
0.00
0.00
9.40
0.00
0.00
14.90
0.00
18.30
7.50
40.30
14.20
0.00
0.00
58.30
0.00
6.40
0.00
0.00
0.00
46.20
62.50
46.40
0.00
17.50
15.20
1.40
0.10
16.20
0.00
0.00
0.00
0.00
0.00
0.00
0.00
0.00
0.00
0.00
0.00
0.00
0.00
0.00
0.00
0.00
0.00
0.00
7.20
0.00
0.00
0.00
0.00
0.00
0.00
0.00
0.00
0.00
0.10
19.40
7.20
4.30
2.40
0.00
0.00
0.00
8.20
10.30
2.60
0.00
0.00
0.00
4.30
6.20
0.00
0.00
0.00
0.00
0.00
16.60
34.20
0.00
0.00
9.60
18.30
14.80
0.00
0.00
0.00
0.00
5.30
13.80
5.20
6.80
0.00
0.00
4.50
26.70
25.20
30.50
49.20
0.00
35.40
13.20
0.00
0.00
0.00
0.00
0.00
0.00
0.00
0.00
0.00
0.00
0.00
0.00
0.00
0.00
0.00
0.00
0.00
0.00
0.00
0.00
0.00
0.00
0.00
0.00
8.40
0.00
0.00
0.00
0.00
3.60
0.00
1.20
0.00
0.00
0.00
0.00
0.00
0.00
0.00
0.00
0.00
13.60
0.00
16.20
10.00
7.20
0.00
0.00
0.00
0.00
0.00
0.00
0.00
0.00
0.00
0.00
0.00
0.00
0.00
0.00
0.00
0.00
0.00
0.00
0.00
3.50
0.00
0.00
0.00
0.00
0.00
0.00
0.00
0.00
0.00
0.00
0.00
0.00
0.00
0.00
0.00
0.00
0.00
0.00
0.00
0.00
0.00
0.00
0.00
0.00
0.00
0.00
0.00
0.00
0.00
0.00
0.00
0.00
0.00
0.00
0.00
0.00
0.00
0.00
0.00
0.00
0.00
0.00
0.00
0.00
0.00
0.00
0.00
0.00
0.00
0.00
0.00
0.00
0.00
0.00
0.00
0.00
0.00
0.00
0.00
0.00
0.00
0.00
0.00
0.00
0.00
0.00
0.00
0.00
0.00
0.20
0.00
0.00
0.10
0.00
0.00
0.00
0.00
0.00
0.00
0.00
0.00
0.00
0.00
0.00
0.00
0.00
0.00
0.00
0.00
0.00
0.00
0.00
0.00
14.20
11.50
0.00
0.00
0.00
0.00
0.00
0.00
0.00
0.00
0.00
26.20
0.00
0.00
21.40
0.00
0.00
0.00
0.00
0.00
0.00
0.00
0.00
0.00
0.00
0.00
0.00
0.00
0.00
0.00
0.00
0.00
0.00
0.00
0.00
33.40
0.00
0.00
0.00
0.00
0.00
0.00
0.00
21.20
2.40
0.00
0.00
0.00
0.00
0.00
0.00
0.00
0.00
0.00
0.00
0.00
0.00
0.00
0.00
0.00
0.00
0.00
0.00
0.00
0.00
0.00
0.00
0.00
0.00
0.00
0.00
0.00
0.00
0.00
2.30
0.00
0.00
0.00
0.00
0.00
0.00
0.00