1 2 1971
65 
0.00
0.00
0.00
0.00
0.00
0.00
0.00
0.00
0.00
1.00
0.00
0.00
0.00
0.00
4.00
0.00
0.00
0.00
0.00
0.00
0.00
0.00
0.00
0.00
0.00
0.00
0.00
0.00
0.00
0.00
0.00
0.00
0.00
0.00
4.00
15.50
0.00
0.00
0.00
0.00
0.00
0.00
0.00
0.00
3.00
11.00
11.50
3.50
0.00
0.00
0.00
0.00
0.00
0.00
0.00
0.00
0.00
12.00
0.00
0.00
11.50
16.00
1.50
0.00
2.00
9.00
1.00
2.00
0.00
0.00
8.00
0.00
0.00
0.00
0.00
0.00
0.00
0.00
0.00
4.00
17.00
0.00
0.00
0.00
17.00
0.00
13.00
0.00
0.00
7.50
0.00
0.00
0.00
0.00
11.00
14.00
6.00
3.50
0.00
2.00
0.00
1.50
2.00
1.50
4.50
2.20
3.20
0.00
0.50
2.50
0.50
0.00
5.50
0.00
0.00
0.00
0.00
0.00
0.00
0.00
0.00
0.00
0.00
0.00
0.00
0.00
0.00
0.00
0.00
0.00
0.00
0.00
0.00
0.00
0.00
0.00
0.00
0.00
0.00
0.00
0.00
0.00
0.00
0.00
0.00
0.00
0.00
0.00
0.00
0.00
0.00
0.00
0.00
0.00
0.00
0.00
0.00
0.00
0.00
0.00
0.00
0.00
0.00
0.00
0.00
0.00
0.00
0.00
0.00
0.00
0.00
0.00
0.00
0.00
0.00
0.00
0.00
0.00
0.00
0.00
0.00
0.00
0.00
0.00
0.00
0.00
0.00
0.00
0.00
0.00
0.00
0.00
0.00
0.00
0.00
0.00
0.00
0.00
0.00
0.00
0.00
0.00
0.00
0.00
0.00
0.00
0.00
0.00
0.00
0.00
0.00
0.00
0.00
0.00
0.00
0.00
0.00
0.00
0.00
0.00
0.00
0.00
0.00
0.00
0.00
1.50
9.50
0.00
0.00
0.00
0.00
0.00
0.00
0.00
0.10
0.00
0.00
20.00
0.00
0.00
0.00
0.00
0.00
0.00
0.00
0.00
0.00
0.00
0.00
0.00
0.00
0.00
0.10
0.00
0.00
0.00
0.00
0.00
0.00
0.00
0.00
0.00
0.00
0.00
0.00
0.00
0.00
0.00
0.00
0.00
0.00
0.00
0.00
0.10
0.00
0.00
0.00
0.00
6.10
2.00
0.00
0.10
0.00
0.00
0.00
0.00
0.00
0.00
0.00
0.00
0.00
0.00
0.00
0.00
0.00
0.00
0.00
1.00
0.00
0.00
0.00
2.00
1.00
0.00
5.50
1.50
0.00
1.00
0.00
0.00
0.00
0.00
0.00
0.00
0.00
0.00
0.00
0.00
0.00
0.00
0.00
0.00
0.00
0.00
0.00
0.00
0.00
0.00
0.00
2.00
2.00
11.00
0.00
0.00
8.00
3.00
0.00
0.00
7.00
5.00
0.00
0.00
20.00
0.00
2.00
0.00
0.00
15.20
10.00
13.50
0.00
0.00
0.00
6.50
0.00
0.00
0.00
0.00
0.00
0.00
0.00
0.00
0.00
0.00
2.00
1.30
0.60
8.50
5.00
0.00
5.50
0.10
2.50
1.00
1.50
3.50
0.00
0.00
0.00
0.00
0.00
0.00
1.50
9.00
1.00
0.00
0.00
0.00
0.00
0.00
3.00
0.10
0.00
0.10
4.20
0.10
0.00
7.50
5.50
1.30
2.10
0.00
0.00
0.00
0.00
0.00
0.00
14.50
7.00
1.00
0.00
0.00
5.30
0.00
0.00
0.10
2.50
0.00
0.00
0.00
0.00
2.00
2.50
1.00
0.00
0.00
0.00
0.00
0.00
0.00
0.00
0.00
0.00
0.10
0.00
0.00
0.00
0.00
0.00
0.00
0.00
0.00
0.00
0.00
0.00
2.50
0.00
2.00
3.00
0.00
2.80
0.00
0.00
0.00
19.00
2.80
10.00
2.00
1.00
4.00
1.00
0.00
0.00
0.00
0.00
0.00
0.00
0.00
0.00
1.00
4.00
0.00
0.00
0.00
0.00
0.00
0.00
0.00
0.00
0.00
0.00
0.00
0.00
0.00
0.00
0.00
0.00
0.00
0.00
0.00
0.00
0.00
0.00
0.00
0.00
0.00
0.00
1.50
4.20
0.00
0.00
0.00
0.10
0.00
0.00
3.30
0.10
0.00
0.00
0.00
0.00
0.00
0.00
0.00
0.00
0.00
0.00
0.00
0.00
0.00
0.00
0.00
0.00
0.00
0.00
0.00
0.00
0.00
0.00
0.00
0.00
0.00
0.00
0.00
0.00
0.00
0.00
0.00
0.00
0.00
0.00
0.00
0.00
0.00
0.00
0.00
0.00
0.00
0.00
0.00
0.00
0.00
3.50
0.00
0.00
0.00
0.00
0.00
0.00
0.10
0.00
0.00
0.00
0.00
0.00
0.00
0.00
0.00
0.00
0.00
0.00
0.00
0.00
0.00
0.00
0.00
0.00
0.00
0.00
0.00
1.00
0.10
1.00
15.00
0.00
0.00
0.00
0.00
0.00
0.00
0.00
6.00
0.00
0.00
0.00
0.00
0.00
0.00
2.00
0.10
0.00
0.00
2.00
0.10
0.00
0.00
0.00
0.00
1.50
0.00
0.00
0.00
6.50
3.20
0.00
0.00
0.00
3.40
20.00
0.00
0.00
0.00
0.00
9.50
3.50
6.00
25.50
6.50
0.00
0.00
0.00
0.00
9.00
13.60
0.10
0.00
0.00
0.00
0.00
0.00
0.10
5.00
0.00
10.50
0.00
0.00
2.50
0.00
0.00
0.00
0.00
0.00
0.00
0.00
0.00
0.10
0.00
0.10
0.10
0.00
0.00
0.00
0.00
0.00
0.00
0.00
0.00
0.10
0.10
0.00
14.50
0.00
0.00
0.00
0.00
0.10
5.00
1.00
0.10
0.10
0.10
0.00
0.00
0.00
0.00
0.00
0.00
0.00
0.00
0.00
0.00
0.00
0.00
0.10
0.10
11.50
0.00
0.00
0.00
0.00
0.00
0.00
0.00
0.00
0.00
0.00
0.00
0.00
0.00
0.00
0.00
4.00
8.00
1.50
0.00
10.00
10.50
0.00
4.50
2.30
2.50
0.00
0.00
0.00
0.00
0.00
0.00
0.00
0.00
0.00
0.00
3.00
0.00
0.00
0.00
0.00
0.00
0.00
0.00
0.10
8.30
0.00
0.00
3.20
0.00
7.00
0.10
0.00
0.00
0.00
0.00
0.00
0.00
0.00
0.00
1.00
0.10
0.00
0.00
0.00
0.00
0.00
0.00
0.00
0.00
23.00
0.00
0.00
0.00
12.50
0.50
2.50
0.00
0.00
0.00
0.00
0.00
0.00
0.00
2.30
0.00
0.00
2.00
0.10
0.00
8.50
11.00
0.00
0.00
0.00
0.00
0.00
0.00
0.00
0.00
0.00
0.00
12.20
0.00
0.00
0.00
0.00
0.00
0.00
0.00
0.00
0.00
0.00
0.00
0.00
0.10
6.50
0.00
0.00
0.00
0.00
0.00
0.00
0.00
0.00
0.00
0.00
0.00
0.00
0.00
0.00
0.00
0.00
0.00
0.00
0.00
0.00
0.00
0.00
4.00
31.00
4.00
28.00
2.00
7.00
0.00
0.00
0.00
0.00
0.00
0.00
0.00
0.00
0.00
0.00
0.00
0.00
0.00
6.00
4.50
5.80
0.00
0.00
0.00
0.00
8.00
2.00
0.00
0.00
0.00
0.00
3.00
1.00
7.50
16.00
0.00
0.00
0.00
0.00
0.10
0.00
0.00
0.00
0.00
0.00
0.00
0.00
0.00
0.00
0.00
0.00
0.00
0.00
0.00
0.00
0.00
0.00
0.00
0.00
0.00
0.00
0.00
0.00
0.00
0.00
0.00
0.00
0.00
0.00
0.00
0.00
0.00
0.00
0.00
0.00
0.00
0.00
0.00
0.00
0.00
0.00
0.00
0.00
0.00
0.00
0.00
0.00
0.00
0.00
0.00
0.00
0.00
0.00
0.00
0.00
0.00
0.00
5.50
1.00
0.00
0.00
0.00
0.00
0.00
0.00
0.00
0.00
0.00
0.00
0.00
0.00
0.00
0.00
0.00
0.00
0.00
0.00
0.00
0.00
0.00
0.00
0.00
0.00
0.00
0.00
0.00
0.00
0.00
0.00
0.00
0.00
0.00
0.00
0.00
0.00
0.00
0.00
0.00
0.00
0.00
0.00
0.00
0.00
0.00
0.00
0.00
0.00
0.00
0.00
0.10
0.00
0.00
0.00
0.70
4.30
50.00
6.00
0.00
0.00
0.00
0.00
0.00
0.00
0.00
0.00
0.00
0.00
0.50
0.00
0.00
1.30
4.50
0.10
0.10
0.00
0.00
0.00
0.00
0.00
2.30
0.30
0.00
0.00
0.00
0.00
0.00
0.00
0.00
0.00
0.00
0.00
4.50
1.00
2.00
18.00
0.00
0.00
0.00
0.00
0.10
0.10
0.00
0.00
0.00
0.00
0.00
0.00
0.00
0.00
0.00
0.00
0.00
0.00
0.00
0.00
0.00
0.00
30.00
8.00
5.00
19.50
1.70
0.00
0.00
0.00
0.00
0.00
0.00
0.00
0.00
0.00
0.00
11.00
0.00
8.50
0.10
0.00
0.00
3.50
0.00
0.00
0.00
0.00
0.00
0.00
0.00
0.00
0.00
0.00
0.00
0.00
0.00
0.00
0.00
0.00
0.10
0.00
2.30
0.00
3.50
1.00
12.50
3.80
0.00
0.00
0.00
1.20
0.30
0.00
0.00
0.00
5.70
10.00
3.00
0.00
6.00
3.50
1.00
0.00
7.30
0.10
0.00
0.00
0.00
0.00
0.00
0.00
0.00
0.00
0.00
0.00
0.00
0.00
0.00
0.00
0.00
0.00
0.00
0.00
0.00
0.00
0.00
0.00
0.00
0.00
0.00
0.00
0.10
1.30
4.20
5.60
0.00
0.10
5.40
0.00
0.00
0.00
0.40
0.00
0.00
0.00
2.00
0.00
0.00
0.00
0.00
0.00
0.10
8.00
0.50
0.50
4.00
0.10
2.50
7.00
0.50
0.00
5.20
7.30
8.50
20.00
2.00
3.00
5.50
0.00
4.30
2.50
6.00
1.00
2.50
0.10
3.00
2.00
0.10
0.00
0.00
0.00
0.00
0.00
0.00
0.00
0.00
0.00
0.00
0.00
0.00
0.00
0.00
0.00
0.00
0.00
0.00
0.00
0.00
0.00
0.00
0.00
0.70
0.10
0.00
0.00
0.00
0.10
0.00
0.10
0.00
0.00
0.00
0.00
0.00
0.00
0.10
0.10
0.10
16.00
1.00
0.00
0.00
1.50
7.50
0.00
0.00
0.00
0.00
0.00
0.00
0.00
0.00
0.00
0.00
0.00
0.00
0.00
0.00
0.00
0.00
0.00
0.00
0.00
0.00
0.00
0.00
0.00
0.00
0.00
0.00
0.00
0.00
0.00
0.00
0.00
0.00
0.00
0.00
0.00
0.00
0.00
0.00
0.00
0.00
0.00
0.00
-9999.00
-9999.00
-9999.00
-9999.00
-9999.00
-9999.00
-9999.00
-9999.00
-9999.00
-9999.00
-9999.00
-9999.00
-9999.00
-9999.00
-9999.00
-9999.00
-9999.00
-9999.00
-9999.00
-9999.00
-9999.00
-9999.00
-9999.00
-9999.00
-9999.00
-9999.00
-9999.00
-9999.00
-9999.00
-9999.00
-9999.00
0.00
0.00
0.00
0.00
0.00
0.00
0.00
0.00
0.00
0.00
0.00
0.00
0.00
0.00
0.00
0.00
0.00
0.00
0.00
0.00
0.00
0.00
0.00
0.00
0.00
0.00
0.00
0.00
0.00
0.00
0.00
0.00
0.00
0.00
0.00
0.00
0.00
0.00
0.00
0.00
0.00
3.50
0.00
0.00
0.00
0.00
0.00
0.00
0.00
0.00
0.00
0.20
0.00
28.00
0.00
0.00
0.00
0.00
0.00
0.00
0.00
0.00
0.00
0.00
0.00
0.00
0.00
0.00
0.00
0.00
0.00
0.00
0.00
0.00
0.00
5.50
0.00
0.00
0.00
0.00
0.00
0.00
0.00
2.20
0.10
0.00
0.00
0.00
0.00
0.00
0.00
0.00
0.00
0.00
0.00
0.00
0.00
0.00
0.00
0.00
0.00
0.00
0.00
0.00
0.00
0.00
0.00
0.00
0.00
0.00
0.00
0.00
0.00
0.00
0.10
0.00
0.00
0.00
0.00
0.00
0.00
0.00
-9999.00
-9999.00
-9999.00
-9999.00
-9999.00
-9999.00
-9999.00
-9999.00
-9999.00
-9999.00
-9999.00
-9999.00
-9999.00
-9999.00
-9999.00
-9999.00
-9999.00
-9999.00
-9999.00
-9999.00
-9999.00
-9999.00
-9999.00
-9999.00
-9999.00
-9999.00
-9999.00
-9999.00
-9999.00
-9999.00
-9999.00
0.00
0.00
0.00
0.00
0.10
0.00
0.00
4.70
1.70
0.10
11.00
2.70
0.50
19.00
4.50
0.00
0.00
0.00
0.00
0.00
0.00
0.00
0.00
0.00
0.00
0.00
0.00
0.00
10.00
2.50
9.50
16.50
4.20
0.00
0.50
3.00
0.00
12.50
2.00
2.80
1.30
3.00
0.00
0.00
9.00
5.30
4.40
0.00
0.00
0.00
0.00
0.00
0.00
0.00
0.00
0.00
6.00
0.00
0.10
0.00
0.00
0.00
3.00
2.50
0.00
0.00
0.00
0.00
0.00
0.00
0.00
0.00
0.00
0.00
0.00
0.00
0.40
7.00
2.30
0.00
0.10
7.00
0.00
13.50
0.50
2.20
3.20
0.50
0.00
0.00
0.00
0.00
0.40
0.50
0.00
0.10
0.00
5.00
9.40
4.60
0.00
0.00
0.00
0.00
0.00
0.00
13.00
0.30
0.00
0.50
1.50
2.50
0.00
0.00
0.00
0.00
0.00
0.00
0.00
0.10
0.00
0.40
0.00
0.00
0.00
0.00
15.50
0.00
0.00
0.00
2.50
2.00
0.00
5.00
6.50
0.00
0.00
0.00
0.00
0.00
0.00
0.00
0.00
0.00
0.00
0.00
0.00
0.00
0.00
0.00
0.00
0.00
0.00
0.00
0.00
0.00
0.00
0.00
0.00
0.00
0.00
0.00
0.00
0.00
0.00
0.00
0.00
0.00
0.00
0.00
0.00
0.00
0.00
0.00
0.00
0.00
0.00
0.00
0.00
0.00
0.00
0.00
0.00
0.10
0.00
0.10
0.00
0.10
0.00
0.00
0.00
0.00
0.00
0.00
0.00
0.00
0.00
0.00
0.00
0.00
0.00
0.00
0.00
0.00
0.00
0.00
0.00
0.00
0.00
0.00
0.00
0.00
0.00
0.00
0.10
0.00
0.00
0.00
0.00
0.00
0.00
0.00
0.00
0.00
0.00
1.40
0.00
0.00
0.00
0.00
0.00
0.00
0.00
0.00
0.00
0.00
0.00
0.00
0.00
0.10
0.00
0.00
0.00
0.00
0.00
0.00
0.00
0.00
0.00
0.00
0.00
0.00
1.50
0.00
0.00
2.00
0.00
0.00
0.00
0.00
0.00
0.00
0.00
0.00
0.00
0.10
0.00
0.00
0.00
0.00
0.00
0.00
0.00
0.00
0.00
0.00
0.00
0.00
0.00
0.00
0.00
1.00
0.00
0.00
0.00
0.00
0.00
0.00
0.00
0.50
0.00
0.00
0.00
0.00
0.00
0.00
10.50
0.00
0.00
0.00
0.00
5.00
0.00
0.00
2.00
6.50
0.10
1.00
0.00
0.00
0.00
0.00
0.00
2.00
8.00
0.00
1.70
7.50
21.00
8.50
2.00
1.00
0.00
0.00
0.00
0.00
0.00
0.00
0.00
0.00
0.00
0.00
0.00
0.00
0.00
0.00
0.00
0.00
0.00
0.00
0.00
0.00
0.00
0.00
0.00
0.00
0.00
0.00
0.00
0.00
0.00
0.00
0.00
0.00
0.00
0.00
0.00
0.00
0.00
0.00
0.00
0.00
14.00
14.50
17.50
6.50
4.50
4.00
15.50
1.50
4.00
0.00
0.00
0.00
0.00
1.80
0.10
5.50
1.50
0.00
0.00
6.50
1.50
0.00
0.00
0.00
0.00
0.00
0.00
0.00
0.00
0.00
0.00
0.00
0.00
0.00
0.00
0.00
0.00
0.00
0.10
19.00
5.70
0.00
0.00
0.10
2.00
0.00
0.00
0.00
0.00
0.00
0.00
0.00
0.00
0.00
0.00
0.10
0.00
0.00
0.00
0.00
0.00
0.00
0.00
0.00
0.10
15.50
0.00
0.00
0.00
0.00
0.10
16.00
7.00
1.50
16.50
0.10
0.00
0.10
0.10
27.00
4.50
14.50
0.10
0.10
4.00
9.50
0.00
0.00
0.00
0.00
0.00
0.00
0.00
0.00
0.00
0.00
0.00
0.00
0.10
1.50
0.00
0.00
1.50
0.00
0.00
6.00
0.00
0.00
0.00
0.00
0.00
0.00
0.00
0.00
0.00
0.00
0.00
0.00
0.00
0.00
0.00
0.00
0.00
0.00
0.00
0.00
0.00
0.00
0.00
0.00
0.00
0.00
0.00
0.00
0.00
0.00
0.00
0.00
0.00
0.00
0.10
1.50
0.10
1.50
0.00
0.00
0.00
0.00
0.00
0.00
0.00
0.00
0.00
0.00
0.00
0.00
18.00
1.00
0.00
0.00
0.00
0.00
0.00
0.00
0.00
0.00
0.00
0.00
0.00
0.00
0.00
0.00
0.00
0.00
0.00
0.00
0.00
0.00
0.00
0.00
0.00
0.00
0.00
0.00
0.00
0.00
0.00
0.00
0.00
0.00
0.00
0.00
0.00
0.00
0.00
0.00
0.00
0.00
0.00
0.00
0.00
0.00
0.00
0.00
0.00
0.00
0.00
0.00
0.00
0.00
0.00
0.00
0.10
0.10
0.00
0.00
0.00
0.00
0.00
0.00
0.00
0.00
0.00
0.00
0.00
0.00
0.00
0.00
0.00
0.00
0.00
0.00
0.00
0.00
0.00
0.00
0.00
0.00
0.00
0.00
0.00
0.00
0.00
0.00
0.00
0.00
13.00
0.00
0.00
0.00
0.00
0.00
0.00
0.00
0.00
0.10
22.20
0.00
0.00
0.10
1.00
0.00
0.00
0.00
0.00
0.50
0.00
0.10
1.50
4.00
12.20
0.10
6.50
2.50
2.00
5.50
0.00
0.00
0.00
0.10
1.50
1.50
4.00
0.10
1.00
0.10
1.30
15.00
10.00
0.00
0.00
0.00
0.00
0.00
0.00
0.00
0.00
0.00
0.00
0.00
0.00
0.00
0.00
0.00
0.00
0.00
0.00
0.10
2.00
4.20
7.00
0.10
15.00
0.00
0.00
0.00
0.00
0.00
0.00
0.00
0.00
0.00
0.00
0.10
7.00
13.00
40.50
0.00
0.10
3.50
10.50
0.00
0.00
0.10
5.00
1.50
8.00
2.00
23.00
0.10
14.50
0.00
0.00
0.00
0.00
0.00
0.00
0.10
8.80
4.50
0.00
0.00
0.00
0.00
0.00
0.00
0.00
0.00
0.00
0.00
3.00
0.00
0.00
0.10
0.50
1.50
0.00
0.00
0.00
6.00
0.10
5.70
1.60
0.00
0.00
0.00
0.00
0.00
0.10
2.00
6.50
2.00
6.00
0.00
0.00
0.00
0.00
0.00
0.10
2.00
12.00
1.50
4.40
0.00
0.00
0.00
0.00
0.00
0.00
0.00
0.00
0.00
0.00
0.00
0.00
0.00
0.00
0.10
3.00
0.00
0.00
0.00
0.00
0.00
0.00
0.10
0.00
0.10
1.50
9.00
0.00
0.00
0.00
0.00
0.00
8.80
0.00
0.00
0.00
0.00
0.00
0.00
0.00
0.00
0.00
0.00
0.00
0.00
0.00
0.00
0.00
0.00
0.00
0.00
0.00
0.00
0.00
0.00
0.00
0.00
0.00
0.00
0.00
0.00
0.00
0.00
0.00
0.00
-9999.00
-9999.00
-9999.00
-9999.00
-9999.00
-9999.00
-9999.00
-9999.00
-9999.00
-9999.00
-9999.00
-9999.00
-9999.00
-9999.00
-9999.00
-9999.00
-9999.00
-9999.00
-9999.00
-9999.00
-9999.00
-9999.00
-9999.00
-9999.00
-9999.00
-9999.00
-9999.00
-9999.00
-9999.00
-9999.00
-9999.00
-9999.00
-9999.00
-9999.00
-9999.00
-9999.00
-9999.00
-9999.00
-9999.00
-9999.00
-9999.00
-9999.00
-9999.00
-9999.00
-9999.00
-9999.00
-9999.00
-9999.00
-9999.00
-9999.00
-9999.00
-9999.00
-9999.00
-9999.00
-9999.00
-9999.00
-9999.00
-9999.00
-9999.00
-9999.00
-9999.00
-9999.00
-9999.00
-9999.00
-9999.00
-9999.00
-9999.00
-9999.00
-9999.00
-9999.00
-9999.00
-9999.00
-9999.00
-9999.00
-9999.00
-9999.00
-9999.00
-9999.00
-9999.00
-9999.00
-9999.00
-9999.00
-9999.00
-9999.00
-9999.00
-9999.00
-9999.00
-9999.00
-9999.00
-9999.00
-9999.00
-9999.00
0.00
0.00
0.00
0.00
0.00
0.00
0.00
0.00
0.00
0.00
0.00
0.00
0.00
0.00
0.00
0.00
0.00
0.00
0.00
3.50
0.00
0.00
0.00
0.00
0.00
0.00
0.00
0.00
0.00
0.00
0.00
0.00
0.00
0.00
0.00
0.00
0.00
0.00
0.00
0.00
0.00
0.00
0.00
0.50
0.00
0.10
1.60
0.50
2.50
0.00
0.00
0.00
0.00
0.00
0.00
0.00
0.00
0.00
0.00
0.00
0.00
0.00
0.00
0.00
0.00
0.00
0.10
27.00
3.00
4.00
0.00
0.00
0.00
0.00
0.00
0.00
0.00
0.10
3.50
0.30
0.00
0.00
0.10
3.80
0.40
2.80
0.60
0.00
0.00
0.00
0.00
0.00
0.00
0.00
0.00
0.00
0.00
9.00
0.00
0.00
0.00
0.00
0.00
0.00
0.00
0.00
0.00
0.00
0.00
0.00
0.00
14.00
1.20
0.00
0.00
0.00
0.00
0.00
0.00
11.00
5.00
5.00
1.50
0.00
0.10
6.50
0.10
6.50
0.80
23.50
10.00
5.20
0.00
0.00
0.00
0.00
0.00
0.00
0.00
0.10
0.40
0.70
0.60
0.00
0.00
0.00
0.00
0.00
0.00
0.10
17.00
8.50
0.00
0.00
0.00
0.00
0.00
0.00
0.00
0.00
0.00
2.00
0.00
3.00
0.10
0.00
0.00
0.00
0.70
0.50
0.00
3.50
0.00
0.10
1.80
0.00
0.00
2.00
0.00
0.00
8.50
0.00
0.90
0.00
0.00
0.00
0.00
0.00
0.00
0.00
0.00
0.00
4.50
8.50
0.00
0.00
0.00
0.00
0.00
0.10
8.40
0.00
0.10
0.50
0.00
0.00
0.10
17.50
9.60
18.00
0.10
4.00
5.60
0.10
48.00
11.00
0.50
0.00
0.00
0.00
0.00
0.00
0.00
0.10
0.90
0.00
0.00
0.10
0.30
0.00
0.00
0.00
0.00
0.00
0.00
0.00
0.00
0.00
0.00
0.00
0.00
0.00
0.20
4.00
0.00
0.00
0.00
2.00
15.00
0.00
0.00
1.30
0.00
0.00
7.50
0.00
0.00
8.50
0.00
0.00
0.00
0.00
0.00
0.00
0.00
0.00
0.00
0.00
2.40
2.20
0.00
10.00
5.00
5.00
0.00
0.00
6.80
3.00
5.50
0.00
0.00
0.00
0.00
0.00
0.00
0.00
0.00
0.00
0.00
0.00
0.00
0.00
0.00
4.50
4.70
0.00
3.10
33.50
0.00
0.00
2.00
0.00
0.00
0.00
0.00
0.00
0.00
0.00
0.00
0.00
0.00
0.00
0.10
3.20
19.30
0.00
0.00
0.00
0.00
0.00
0.00
0.00
0.00
0.00
0.00
0.00
0.00
0.00
0.00
0.00
0.00
0.00
7.50
2.20
0.00
0.00
0.00
0.00
0.00
0.00
0.00
0.00
0.00
0.00
0.00
0.00
0.00
0.00
0.00
0.00
0.00
0.00
0.00
0.00
0.00
0.00
0.00
0.00
0.00
0.00
0.00
0.00
0.00
0.00
0.00
0.00
0.00
0.00
0.00
0.00
0.00
0.00
0.00
0.00
0.00
0.00
0.00
0.00
0.00
0.00
0.00
0.00
0.00
0.00
0.00
0.00
0.00
0.10
0.00
0.00
0.00
0.00
0.00
0.00
0.00
0.00
0.10
0.00
0.00
5.20
0.00
0.00
0.00
0.00
0.00
0.00
0.00
0.00
0.00
0.00
0.00
0.00
0.00
0.00
0.00
0.00
0.00
0.00
0.00
0.00
0.00
0.00
0.00
0.00
0.00
0.00
0.00
0.00
0.00
0.00
0.00
0.00
0.00
0.00
0.00
0.00
0.00
1.50
0.00
0.00
0.00
4.00
0.00
0.00
0.00
0.00
0.00
0.00
0.00
0.00
0.00
0.00
0.00
0.00
0.00
0.00
0.00
0.00
0.00
0.00
0.00
0.00
0.00
0.00
0.60
0.10
19.00
0.10
0.00
0.00
0.00
0.00
0.00
0.00
0.00
0.00
0.00
0.00
0.00
0.00
0.00
0.00
0.00
0.00
0.00
0.00
0.10
0.00
0.10
15.00
12.50
5.00
0.10
5.00
0.00
0.00
0.00
0.10
5.00
2.50
0.00
0.00
0.10
6.50
1.50
0.50
23.00
4.50
0.00
0.00
0.00
0.00
0.00
0.10
10.50
0.00
0.00
0.00
0.10
5.00
0.10
3.50
17.50
7.00
0.00
0.00
0.00
0.10
3.50
1.50
0.00
0.00
0.00
0.00
0.10
12.00
9.50
9.00
0.10
0.10
0.10
0.10
5.50
5.50
8.50
20.00
0.10
0.10
0.00
0.10
16.50
38.00
4.00
1.00
0.00
0.00
0.00
0.10
4.00
25.00
11.00
13.00
12.00
9.50
4.00
0.10
0.00
0.00
0.00
0.10
3.50
0.00
0.00
0.00
0.00
0.00
0.10
9.50
0.10
0.00
0.00
0.00
0.00
0.00
0.00
0.00
0.00
0.00
0.00
0.00
0.10
8.00
0.00
0.00
0.10
13.00
2.00
12.50
0.10
1.50
0.00
0.10
3.50
3.00
0.10
2.00
0.00
0.00
0.00
0.00
0.00
0.00
0.10
3.00
0.00
0.10
3.00
9.00
1.50
0.00
0.10
6.00
0.00
0.00
0.00
0.00
0.00
0.00
0.00
0.00
0.00
0.00
0.00
0.00
0.00
0.00
0.00
0.00
0.00
0.00
0.00
0.00
0.10
0.10
0.00
0.10
0.10
0.00
0.00
0.00
0.00
0.00
0.00
0.00
0.00
0.00
0.10
17.50
0.00
0.00
0.00
0.00
0.00
0.00
0.00
0.00
0.10
3.00
0.00
0.00
0.00
0.00
0.00
0.00
21.50
0.50
0.00
0.00
0.00
0.00
0.00
0.00
0.00
0.00
0.00
0.00
0.00
0.00
0.00
0.00
0.00
0.00
0.00
0.00
3.00
0.10
0.00
0.00
0.00
0.00
0.10
2.50
6.50
0.00
0.00
0.00
0.00
0.00
0.00
0.10
0.10
0.00
0.00
0.00
0.00
0.00
0.10
0.10
0.00
0.00
0.00
0.00
0.00
0.00
0.00
0.00
0.00
0.00
0.00
0.00
0.00
0.00
0.00
0.00
0.00
0.00
0.00
0.00
0.00
0.00
0.00
0.00
0.00
0.00
0.00
0.00
0.00
0.00
0.00
0.00
0.00
0.00
0.00
0.00
0.00
0.00
0.00
0.00
0.00
0.00
0.00
0.00
0.00
0.00
0.00
0.00
0.00
0.00
0.00
0.00
0.00
0.00
0.00
0.10
9.30
0.00
10.20
0.00
0.00
0.00
0.00
0.00
0.00
0.00
0.00
0.00
0.00
0.00
0.00
0.00
0.00
0.00
0.00
0.00
0.00
0.00
0.00
0.00
0.00
0.10
4.50
9.50
13.00
25.00
7.00
17.50
22.50
0.00
0.00
0.10
8.00
0.10
1.00
0.00
0.00
0.10
2.50
5.00
0.00
0.00
0.00
0.00
0.00
0.10
0.10
0.00
0.00
0.00
0.00
0.00
0.00
0.00
0.00
0.00
0.10
10.00
9.00
3.50
1.50
0.00
0.00
0.00
0.00
0.00
0.00
0.00
0.00
0.00
0.00
0.00
0.00
0.00
0.00
0.00
0.00
0.00
0.00
0.00
0.00
0.00
0.00
0.00
0.00
0.00
0.00
0.00
0.00
0.00
0.00
0.00
0.00
0.00
0.00
0.10
8.00
0.10
4.50
0.10
0.00
0.10
0.00
0.10
0.10
0.00
0.00
0.00
0.00
0.00
0.00
0.00
0.00
0.00
0.00
0.00
0.00
0.00
0.10
5.50
0.10
10.50
0.00
0.00
0.00
0.00
0.00
0.00
0.00
0.00
0.00
0.00
0.00
0.00
0.00
0.00
3.50
0.00
0.00
0.00
0.00
0.00
0.00
0.00
0.00
0.00
0.00
0.00
0.00
0.00
0.00
0.00
0.10
6.00
6.00
12.50
0.50
0.00
0.00
0.10
3.50
0.00
0.10
4.00
0.00
0.00
0.00
0.00
0.00
0.00
5.00
0.00
0.00
0.00
0.00
0.00
0.00
0.00
0.00
0.00
0.00
0.10
3.00
4.00
4.50
6.50
12.00
3.00
0.00
0.00
0.00
0.00
0.00
0.00
0.00
0.00
0.00
0.00
0.00
0.10
12.00
0.00
0.00
0.00
0.00
0.00
0.00
0.00
0.10
5.50
0.00
0.00
0.00
0.00
0.00
0.00
0.00
0.00
0.00
0.00
0.00
0.00
0.00
0.00
0.10
4.50
5.00
0.00
0.10
20.00
0.10
19.00
4.00
0.00
0.00
0.00
0.00
0.10
16.00
0.00
0.00
0.00
0.00
0.00
0.00
0.00
0.00
0.00
0.00
0.00
0.00
0.10
4.50
0.00
0.00
0.00
0.00
0.00
0.00
0.00
0.00
0.00
0.00
0.00
0.00
0.00
0.00
0.00
16.00
1.50
0.00
0.00
0.00
0.00
0.00
0.00
0.00
0.00
0.00
0.00
0.00
0.00
0.00
0.00
8.00
0.00
0.00
0.00
0.00
0.00
0.00
0.00
0.00
0.00
0.00
0.00
0.00
0.00
0.00
0.00
0.00
0.00
0.00
0.00
0.00
0.00
0.00
0.00
0.00
0.00
0.00
0.00
0.00
0.00
0.00
0.00
0.00
0.00
0.10
0.00
0.00
0.00
0.00
0.00
0.00
0.00
0.00
0.00
0.00
0.00
0.00
0.00
0.00
0.00
0.00
0.00
0.00
0.00
0.00
0.00
0.00
0.00
0.00
0.10
0.00
0.00
0.00
0.00
0.00
0.00
0.00
0.00
0.00
0.00
0.00
0.00
0.00
0.00
0.00
0.00
0.00
0.00
0.00
0.00
0.00
0.00
0.00
0.00
0.00
0.00
0.00
0.00
0.00
0.00
0.00
0.00
0.10
0.10
0.00
0.00
0.00
0.00
0.00
0.00
3.50
0.00
0.00
0.00
0.00
0.00
0.00
0.00
0.00
0.10
10.50
11.00
0.00
0.00
0.00
0.00
0.00
0.00
0.10
12.00
0.00
0.00
0.00
0.00
0.00
0.00
0.00
0.10
12.00
1.50
13.00
0.10
0.10
0.10
14.00
0.10
0.10
21.00
8.00
0.00
0.00
0.00
0.00
0.00
0.00
0.00
0.00
0.00
0.00
0.00
0.00
0.00
0.00
0.00
0.00
0.00
0.00
0.00
0.00
0.00
0.00
0.00
0.00
0.00
0.00
0.00
0.00
0.00
0.00
0.00
0.00
0.00
0.00
0.00
0.00
0.00
0.10
10.00
0.00
0.00
0.00
0.00
0.00
0.00
0.00
0.00
0.00
0.00
0.00
0.00
0.00
0.00
0.00
0.00
0.00
0.00
0.00
0.00
0.00
0.10
0.00
0.00
0.00
0.00
0.00
0.00
0.00
0.00
0.00
0.00
0.00
0.00
0.00
0.00
0.00
0.00
0.00
0.00
0.00
0.00
0.00
0.00
0.00
0.00
0.00
0.00
0.10
0.10
2.00
0.00
0.00
0.00
0.00
0.00
0.00
0.10
2.00
0.00
0.00
0.00
0.00
0.00
0.00
0.10
2.00
0.00
0.00
0.00
0.00
0.00
0.00
0.00
0.00
0.00
0.00
0.00
0.00
0.00
0.00
0.10
0.10
0.00
0.00
0.00
0.10
2.50
7.50
0.00
0.00
0.00
0.00
0.00
0.10
2.00
4.00
7.00
5.00
0.10
1.00
5.50
0.00
0.00
0.00
0.00
0.00
0.00
0.00
0.00
0.00
0.00
0.00
0.10
20.00
4.50
0.00
0.10
1.50
0.10
20.00
12.00
2.00
0.10
2.20
0.10
4.00
4.00
0.00
0.00
0.00
0.00
0.00
0.00
0.00
0.00
0.00
0.10
13.00
15.00
0.00
0.00
0.00
0.00
0.00
0.00
0.00
0.00
0.00
0.00
0.00
0.00
0.00
0.00
0.00
0.00
0.00
0.00
0.00
0.00
0.00
0.00
0.00
0.00
0.00
0.00
0.00
0.00
0.00
0.00
0.00
0.00
0.00
0.00
0.00
0.00
0.00
0.00
0.00
0.00
0.00
0.00
0.00
1.50
0.10
8.00
8.00
0.00
0.00
0.00
0.00
0.00
0.00
0.00
0.00
0.00
0.00
0.00
0.00
0.00
0.00
0.00
0.00
0.00
0.00
0.00
0.00
0.00
0.00
0.00
0.00
0.00
0.00
0.00
0.00
0.00
0.00
0.00
0.00
0.00
0.00
-9999.00
-9999.00
-9999.00
-9999.00
-9999.00
-9999.00
-9999.00
-9999.00
-9999.00
-9999.00
-9999.00
-9999.00
-9999.00
-9999.00
-9999.00
-9999.00
-9999.00
-9999.00
-9999.00
-9999.00
-9999.00
-9999.00
-9999.00
-9999.00
-9999.00
-9999.00
-9999.00
-9999.00
-9999.00
-9999.00
-9999.00
0.00
0.00
0.00
0.00
0.00
0.00
0.00
0.00
0.00
0.00
0.00
0.00
0.00
0.00
0.00
0.00
0.00
0.00
0.00
0.00
0.10
0.10
0.10
0.00
0.00
0.10
8.70
0.00
0.00
0.00
0.00
0.00
0.00
0.00
0.00
0.00
0.00
0.00
0.00
0.00
0.00
0.00
0.00
0.00
0.00
0.00
0.00
0.00
0.00
0.00
0.10
1.50
6.00
0.00
0.00
0.00
0.00
0.00
0.00
0.00
0.00
0.00
0.00
0.00
0.00
0.00
0.00
0.00
0.00
0.00
0.00
0.00
0.00
0.00
0.00
0.00
0.00
0.00
0.00
0.10
0.00
0.00
0.00
0.00
0.00
0.00
0.00
0.00
0.00
0.00
0.00
0.00
0.00
0.00
0.00
0.00
0.00
0.00
0.00
0.10
8.50
4.50
0.10
3.00
3.00
0.00
0.00
0.00
6.50
0.00
0.00
7.00
21.00
1.00
0.00
10.00
0.00
14.50
0.00
17.00
0.00
8.00
28.00
0.00
0.00
0.00
0.00
0.00
0.00
0.00
0.00
0.10
12.00
3.00
6.50
1.70
0.10
9.10
25.00
0.00
0.10
2.50
0.00
0.00
0.00
0.00
0.00
0.00
0.00
0.00
0.00
0.00
0.00
0.00
0.00
0.00
0.00
0.00
0.00
0.00
0.00
0.00
0.00
0.00
0.00
0.00
18.00
5.00
0.00
0.00
0.00
0.00
0.00
0.10
8.50
0.00
3.20
0.10
8.00
0.00
0.00
0.00
0.00
0.00
0.00
0.00
0.00
0.00
0.00
0.00
0.00
0.00
0.00
0.00
0.00
0.00
0.00
0.00
0.00
0.00
0.00
0.00
0.00
0.00
0.00
0.00
0.00
0.00
0.00
0.00
0.10
12.00
15.50
0.00
0.00
0.10
0.10
0.00
0.00
0.00
0.00
0.00
0.00
0.00
0.10
8.00
0.10
3.50
10.00
5.00
8.00
0.00
0.00
0.10
1.00
0.00
0.10
12.50
0.00
0.00
0.00
0.00
0.00
0.00
0.00
0.00
0.00
0.00
0.00
0.00
0.00
0.00
5.80
0.90
0.00
0.00
0.00
0.10
0.10
0.10
0.00
0.00
0.10
0.00
0.00
0.00
0.00
0.00
0.00
0.00
0.00
0.00
0.00
0.00
4.50
0.00
0.00
0.00
0.00
0.00
0.00
0.00
0.00
0.00
0.00
0.00
0.00
0.00
0.00
0.00
0.00
0.00
0.00
0.00
0.00
0.00
0.00
0.00
0.00
0.00
0.00
0.00
0.00
0.00
0.00
2.00
8.50
0.00
0.00
0.00
0.00
0.00
0.00
0.00
0.00
0.00
0.00
0.00
0.00
0.00
0.00
0.00
0.00
0.00
0.00
0.00
0.00
0.00
0.00
0.00
0.00
0.00
0.00
0.00
-9999.00
-9999.00
-9999.00
-9999.00
-9999.00
-9999.00
-9999.00
-9999.00
-9999.00
-9999.00
-9999.00
-9999.00
-9999.00
-9999.00
-9999.00
-9999.00
-9999.00
-9999.00
-9999.00
-9999.00
-9999.00
-9999.00
-9999.00
-9999.00
-9999.00
-9999.00
-9999.00
-9999.00
-9999.00
-9999.00
-9999.00
0.00
0.00
0.00
0.00
0.00
0.00
0.00
0.00
0.00
0.00
0.00
0.00
0.00
0.00
0.00
0.10
0.00
0.00
0.00
0.10
0.10
0.00
0.00
0.00
0.00
0.00
0.00
0.00
0.00
0.00
0.00
0.00
0.00
0.00
0.00
0.00
0.00
0.00
0.00
0.00
0.00
0.00
0.10
2.00
0.00
0.00
0.10
0.10
1.00
1.00
8.50
0.00
0.00
0.00
0.00
0.00
0.00
0.00
0.00
0.00
0.00
0.00
0.00
0.00
0.00
0.00
0.10
0.10
50.00
11.00
0.00
0.00
0.00
0.10
1.80
0.10
2.20
0.00
0.00
0.00
0.00
0.00
0.00
0.00
0.00
0.00
15.50
0.10
22.00
0.00
0.00
0.00
0.00
0.00
0.00
0.00
0.00
0.00
3.00
2.00
1.00
0.00
0.10
6.00
1.00
0.00
0.00
0.10
5.50
0.00
0.10
0.10
13.50
0.00
0.00
0.00
0.00
0.00
0.00
0.00
0.00
0.00
0.00
0.00
0.00
0.00
0.00
0.00
0.10
2.20
0.00
0.00
0.00
0.00
0.00
0.00
0.00
0.00
0.00
0.00
0.00
0.00
0.00
0.00
0.00
0.00
0.00
0.00
0.00
0.00
0.00
0.00
0.00
0.00
0.00
0.00
0.00
0.00
0.00
0.00
0.00
0.00
0.00
0.10
8.00
2.00
0.10
8.00
0.00
0.00
0.00
0.00
0.00
0.00
0.00
0.00
0.00
0.00
0.10
0.00
0.00
0.00
0.00
0.00
0.00
0.00
0.00
0.00
0.00
0.00
0.00
0.00
0.00
0.00
0.00
0.00
0.00
0.00
0.00
0.00
0.10
20.00
0.10
1.50
11.00
2.50
0.00
0.00
0.00
0.00
0.00
0.00
0.00
0.00
0.00
0.00
0.00
0.00
0.00
0.00
0.00
0.00
0.00
0.00
0.00
0.00
0.00
0.00
5.00
0.10
7.00
0.10
3.00
0.10
1.80
0.10
0.60
13.00
0.00
0.00
0.00
0.10
1.00
0.00
0.00
0.10
0.80
0.00
0.00
0.00
0.00
0.00
0.00
0.00
0.00
0.00
0.00
0.00
0.00
0.00
0.00
0.00
0.00
0.10
0.00
0.00
0.10
0.10
0.00
0.00
0.00
0.00
0.00
0.00
0.00
0.00
0.00
0.00
0.00
0.10
0.10
0.00
0.00
0.00
0.00
0.00
0.00
0.00
0.00
0.00
0.00
0.00
0.00
0.10
0.10
0.00
0.00
0.00
0.00
0.00
0.00
0.00
0.00
-9999.00
-9999.00
-9999.00
-9999.00
-9999.00
-9999.00
-9999.00
-9999.00
-9999.00
-9999.00
-9999.00
-9999.00
-9999.00
-9999.00
-9999.00
-9999.00
-9999.00
-9999.00
-9999.00
-9999.00
-9999.00
-9999.00
-9999.00
-9999.00
-9999.00
-9999.00
-9999.00
-9999.00
-9999.00
-9999.00
-9999.00
0.00
0.00
0.00
0.00
0.10
0.10
0.10
0.00
0.00
0.00
0.00
0.00
0.00
0.00
0.00
0.00
0.00
0.00
0.00
0.00
0.00
0.00
0.00
0.00
0.00
0.00
0.10
0.10
0.00
0.00
0.00
0.00
0.00
0.00
0.00
0.00
0.00
0.00
0.00
0.00
0.00
0.00
0.00
0.00
0.00
0.00
0.00
0.00
0.00
0.10
0.10
0.00
0.00
0.00
0.00
0.00
0.00
0.00
0.00
0.10
3.50
0.00
0.00
0.00
0.00
0.00
0.00
0.00
0.00
0.00
0.00
0.00
0.00
0.00
0.00
0.00
0.00
0.00
0.00
0.00
0.00
0.00
0.00
0.00
0.00
0.00
0.10
2.00
0.00
0.10
0.10
7.00
0.00
0.10
18.00
16.00
7.10
13.00
2.00
0.00
0.00
13.20
0.10
2.70
0.00
0.00
11.50
23.00
14.00
17.00
0.00
0.10
29.00
23.00
4.50
0.00
0.00
0.00
0.00
0.00
0.00
0.00
0.00
0.00
0.00
0.00
0.00
0.00
0.00
0.00
0.00
0.00
0.00
0.00
0.00
0.00
0.00
0.10
24.00
4.00
24.50
3.00
14.50
0.00
0.00
0.00
0.00
0.00
0.00
0.00
0.00
0.00
0.00
0.00
0.00
0.00
0.00
0.00
0.00
0.10
0.10
0.00
0.00
0.00
0.00
0.00
0.00
0.00
0.00
0.00
0.00
0.00
0.00
0.10
2.00
3.50
0.10
0.00
0.10
2.50
0.00
0.00
0.00
0.10
0.00
0.00
0.00
0.00
0.00
0.00
0.10
0.00
0.00
0.00
0.00
0.00
0.00
0.00
0.00
0.00
0.00
0.00
0.00
0.00
0.00
0.10
0.10
0.00
0.00
0.10
0.10
0.10
16.50
5.00
0.00
0.00
0.00
0.00
0.00
0.00
0.00
0.00
0.00
0.00
0.00
0.10
9.50
6.50
7.00
4.00
0.00
0.00
3.50
7.00
2.50
8.50
0.10
14.00
1.00
0.00
0.00
3.00
0.00
0.00
8.00
0.10
1.50
0.00
0.00
0.00
0.00
0.00
0.10
2.00
0.00
0.10
0.10
8.00
12.00
0.10
0.00
0.00
0.00
0.00
0.00
0.00
0.00
0.10
2.00
0.00
0.00
0.10
5.00
2.00
9.00
8.00
2.50
0.00
0.00
0.00
0.10
8.00
0.10
13.00
0.00
0.00
0.00
0.00
0.00
2.20
1.00
15.00
0.00
15.50
18.00
3.80
0.00
0.10
2.00
0.00
0.00
0.00
0.00
0.10
0.00
0.00
0.00
0.10
8.50
0.00
0.00
0.00
0.00
0.00
0.00
0.00
0.00
0.00
0.00
0.00
0.00
0.10
1.50
0.00
0.00
0.00
0.00
0.00
0.00
0.00
0.00
0.00
0.00
0.00
0.00
0.00
0.00
0.00
0.00
0.00
0.00
0.00
0.00
0.00
0.00
0.00
0.00
0.00
0.00
0.00
0.00
0.00
0.00
0.00
0.00
0.00
0.00
0.00
0.00
0.00
0.00
0.00
0.00
0.00
0.00
0.00
0.00
0.00
0.00
0.00
0.00
0.00
0.00
0.00
0.00
0.00
0.00
0.00
0.00
0.00
0.00
0.00
0.00
0.00
0.00
0.00
0.00
0.00
0.00
0.00
0.00
0.00
0.00
0.00
0.00
0.00
0.00
0.00
0.00
0.00
0.00
0.00
0.00
0.00
0.00
0.00
0.00
0.00
0.00
0.00
0.00
0.00
0.00
0.00
0.00
0.00
0.00
0.00
0.00
0.00
0.00
0.00
0.00
0.00
0.10
0.10
0.00
0.00
1.80
0.00
1.00
0.00
0.00
0.00
0.00
0.00
0.00
0.00
0.00
0.00
0.00
0.00
0.00
0.00
3.50
0.00
0.00
0.00
0.00
0.00
0.00
0.00
0.00
0.00
0.00
0.00
0.00
0.00
0.00
0.00
0.10
23.00
2.50
15.00
9.50
13.50
0.00
0.00
0.00
10.00
8.50
10.00
4.00
0.00
5.00
0.00
10.00
0.00
0.00
0.00
0.00
0.00
0.00
0.00
0.00
0.00
0.80
12.00
2.00
0.00
0.10
0.00
0.00
0.00
0.00
0.00
0.00
0.00
0.00
0.10
0.00
0.00
0.00
0.00
0.00
0.00
0.00
0.10
0.00
0.00
0.00
0.00
0.00
0.10
0.00
0.00
0.00
0.00
0.00
0.00
0.00
0.00
0.00
5.00
9.00
0.00
0.00
0.00
0.00
0.00
0.00
0.00
0.00
0.00
0.00
0.00
10.00
0.00
6.00
2.00
0.10
8.00
0.00
2.50
0.00
0.00
0.00
0.00
0.00
0.00
0.00
0.00
0.00
0.00
0.00
0.00
6.80
0.00
13.00
30.00
15.00
4.00
0.00
0.00
0.00
0.00
0.00
0.00
0.00
2.00
2.50
0.00
0.00
0.10
6.00
0.00
0.00
0.00
0.00
0.00
1.00
0.00
0.00
0.00
0.00
0.00
0.00
0.00
0.00
0.00
0.00
0.00
0.00
0.00
0.00
0.00
8.00
5.20
0.00
0.00
0.00
0.00
0.00
0.00
0.10
0.00
0.00
0.00
0.00
0.00
0.00
0.00
2.00
1.00
0.00
0.00
0.00
0.00
0.00
0.00
0.00
0.00
0.00
0.00
0.00
0.00
0.00
0.00
0.00
4.70
13.00
4.50
0.00
0.00
0.00
4.00
8.00
0.00
0.00
0.00
2.50
1.50
1.00
1.50
11.50
0.00
0.00
0.00
0.00
0.00
2.50
0.10
1.50
1.50
0.00
0.00
0.10
4.00
0.00
0.00
0.00
0.00
0.00
0.00
0.00
0.00
0.00
0.00
0.00
0.10
0.00
0.00
0.00
0.00
0.00
0.00
0.00
0.00
0.00
0.00
0.00
0.00
0.00
0.00
0.00
0.00
0.00
5.50
0.00
0.00
0.00
0.00
0.00
0.00
0.00
0.00
0.00
0.00
0.00
0.00
0.00
0.00
0.00
0.00
0.00
0.00
0.00
0.00
0.00
0.00
0.00
0.00
0.00
0.00
0.00
0.00
0.00
0.00
0.00
0.00
0.00
0.00
0.00
0.00
0.00
0.00
0.00
0.00
0.00
0.00
0.00
0.00
0.00
0.00
0.00
0.00
0.00
0.00
0.00
0.00
0.00
0.00
0.00
0.00
0.00
0.00
0.00
0.00
0.00
0.00
0.00
0.00
0.00
0.00
0.00
0.00
0.00
0.00
0.00
0.00
0.00
0.00
0.00
0.00
0.00
0.00
0.00
0.00
0.00
0.00
0.00
0.00
0.00
0.00
0.00
0.00
0.00
0.00
0.00
0.00
0.00
0.00
0.00
0.00
0.00
0.00
0.00
0.00
0.00
0.00
0.00
0.00
0.00
0.00
0.00
0.00
0.00
0.00
0.00
0.00
0.00
0.00
0.00
0.00
0.00
0.00
0.00
0.00
0.00
0.00
0.00
0.00
0.00
0.00
0.00
0.00
0.00
0.00
0.00
0.00
0.00
0.00
0.00
0.00
16.50
6.50
2.50
0.00
0.00
0.00
0.00
0.00
0.00
0.00
0.10
0.00
0.10
23.50
0.00
0.00
0.00
0.00
0.00
0.00
0.00
0.00
0.00
2.00
19.00
17.00
0.00
0.00
0.00
-9999.00
-9999.00
-9999.00
-9999.00
-9999.00
-9999.00
-9999.00
-9999.00
-9999.00
-9999.00
-9999.00
-9999.00
-9999.00
-9999.00
-9999.00
-9999.00
-9999.00
-9999.00
-9999.00
-9999.00
-9999.00
-9999.00
-9999.00
-9999.00
-9999.00
-9999.00
-9999.00
-9999.00
-9999.00
-9999.00
-9999.00
-9999.00
-9999.00
-9999.00
-9999.00
-9999.00
-9999.00
-9999.00
-9999.00
-9999.00
-9999.00
-9999.00
-9999.00
-9999.00
-9999.00
-9999.00
-9999.00
-9999.00
-9999.00
-9999.00
-9999.00
-9999.00
-9999.00
-9999.00
-9999.00
-9999.00
-9999.00
-9999.00
-9999.00
-9999.00
-9999.00
-9999.00
-9999.00
-9999.00
-9999.00
-9999.00
-9999.00
-9999.00
-9999.00
-9999.00
-9999.00
-9999.00
-9999.00
-9999.00
-9999.00
-9999.00
-9999.00
-9999.00
-9999.00
-9999.00
-9999.00
-9999.00
-9999.00
-9999.00
-9999.00
-9999.00
-9999.00
-9999.00
-9999.00
-9999.00
-9999.00
-9999.00
-9999.00
-9999.00
-9999.00
-9999.00
-9999.00
-9999.00
-9999.00
-9999.00
-9999.00
-9999.00
-9999.00
-9999.00
-9999.00
-9999.00
-9999.00
-9999.00
-9999.00
-9999.00
-9999.00
-9999.00
-9999.00
-9999.00
-9999.00
-9999.00
-9999.00
-9999.00
-9999.00
-9999.00
-9999.00
0.00
0.10
1.20
0.00
0.00
23.00
0.00
0.00
0.00
0.00
0.00
0.10
0.00
3.00
0.00
0.40
0.00
0.00
0.00
0.00
0.00
0.10
0.10
0.00
9.00
0.00
0.00
0.00
0.00
0.00
0.00
0.00
0.00
0.00
0.10
0.00
0.00
0.00
0.00
0.00
0.00
0.00
0.10
0.00
0.00
0.00
0.00
0.00
0.10
0.10
0.00
0.00
0.00
0.00
0.00
0.00
0.00
0.00
0.00
24.00
0.00
0.00
0.00
0.00
0.00
16.00
0.00
92.00
0.00
0.00
0.00
0.00
0.00
0.00
0.00
0.00
0.00
0.00
0.00
0.00
0.00
0.00
0.00
0.00
0.00
0.00
0.00
0.00
0.00
0.00
0.00
0.00
0.00
0.00
0.00
0.00
0.00
0.00
0.00
0.00
0.00
0.00
0.00
0.00
0.00
0.00
0.00
0.00
0.00
0.00
0.00
0.00
0.00
0.00
0.00
0.00
0.00
0.00
0.00
0.00
0.00
0.00
0.00
0.00
0.00
0.00
0.00
0.00
0.00
0.00
0.00
0.00
0.00
0.00
0.00
0.00
0.00
0.00
0.00
0.00
0.00
0.00
0.00
0.00
0.00
0.00
0.00
0.00
0.00
0.00
0.00
0.00
0.00
0.00
0.00
0.00
0.00
0.00
0.00
0.00
0.00
0.00
0.00
4.20
0.00
0.00
0.00
0.00
0.00
0.00
0.00
0.00
0.00
0.00
0.00
0.00
0.00
0.00
0.00
0.00
0.00
0.00
0.00
0.00
0.00
0.00
0.10
0.10
15.00
0.00
0.00
0.00
0.00
0.00
0.10
22.00
0.00
0.10
2.80
0.10
28.00
0.00
0.00
0.00
0.00
0.00
0.00
0.00
0.00
0.00
0.00
0.00
0.00
0.00
0.00
0.00
0.00
0.00
0.00
0.00
0.00
0.00
0.00
0.00
0.10
6.50
12.50
23.50
0.00
0.00
0.00
0.00
0.00
0.00
0.00
0.10
0.00
0.00
0.00
0.00
0.00
0.00
0.00
0.00
0.00
0.00
0.00
0.00
0.00
0.00
0.00
5.50
0.00
0.00
0.00
0.00
10.00
0.00
0.00
0.00
0.00
0.00
0.00
0.00
0.10
5.00
0.00
0.00
0.00
0.00
0.00
0.00
0.00
0.00
0.00
0.00
0.00
0.00
0.00
0.00
0.00
0.00
0.00
15.00
0.00
13.00
21.00
13.00
0.00
7.00
0.00
0.00
0.00
0.00
0.00
0.00
0.00
0.00
0.00
0.10
6.60
6.00
14.00
34.50
0.10
19.00
0.10
9.00
0.10
0.00
0.00
0.00
0.00
0.00
1.10
5.60
28.00
0.50
3.20
0.00
0.00
1.00
1.40
6.50
0.00
0.00
14.00
0.00
11.00
6.80
0.00
0.00
0.00
0.00
0.00
0.00
0.00
0.00
0.00
0.00
0.00
0.00
0.00
1.20
0.00
0.00
0.00
0.00
0.00
0.00
0.00
0.00
0.00
0.00
0.00
0.00
0.00
0.10
5.30
0.00
0.00
0.00
0.00
0.00
0.00
0.00
0.10
14.60
0.50
0.00
0.00
0.00
2.00
0.00
0.00
0.00
0.00
0.00
0.00
0.00
0.00
0.00
0.00
0.00
0.00
0.00
0.00
0.00
0.00
0.00
0.00
0.00
0.00
0.00
0.00
0.00
0.00
0.00
0.00
0.00
0.00
0.00
0.00
0.00
0.00
0.00
0.00
0.00
0.00
0.00
0.10
0.00
0.00
0.00
0.00
0.00
0.00
0.10
0.00
0.00
0.00
0.00
0.00
0.00
0.00
0.00
0.00
0.00
0.00
0.00
0.00
0.00
0.00
0.00
0.00
0.00
0.00
0.00
0.00
0.00
0.00
0.00
0.00
0.10
0.00
0.00
0.00
0.00
0.00
0.00
0.10
0.00
0.00
0.00
0.00
0.10
0.00
0.00
0.00
0.00
15.00
0.00
0.00
0.00
0.00
1.50
23.00
0.10
0.10
5.00
0.00
0.00
0.00
0.00
0.00
0.00
0.00
0.00
0.00
0.00
0.00
0.00
0.00
0.00
0.00
0.00
0.00
0.00
0.00
0.00
0.00
0.00
0.00
0.00
0.00
0.10
0.00
0.00
0.00
0.10
0.10
0.00
0.00
0.00
0.00
0.00
0.00
0.00
0.00
0.00
0.00
0.00
0.10
3.00
15.00
5.00
0.00
0.00
0.00
0.00
0.00
0.00
0.00
0.00
0.00
0.00
0.00
0.00
0.00
0.00
0.00
0.00
0.00
0.00
0.00
0.00
0.00
0.10
0.00
0.00
0.00
0.00
0.10
0.10
0.00
0.00
0.00
0.00
0.10
0.00
0.00
13.00
8.30
0.00
0.10
0.00
3.00
30.00
0.10
0.00
0.00
0.00
0.00
0.10
0.00
0.00
4.80
0.00
0.00
0.40
3.00
0.10
0.00
0.00
0.00
0.10
0.00
0.00
0.00
0.00
0.00
0.10
1.00
0.00
4.70
25.00
5.00
0.00
0.00
0.00
1.90
0.00
0.00
0.00
0.00
0.00
0.00
0.00
0.00
0.00
0.00
4.30
1.50
0.00
0.00
0.00
0.00
0.00
0.00
0.70
2.90
11.00
10.80
0.00
0.00
0.00
0.10
0.70
0.50
0.00
0.90
19.00
0.60
5.10
0.00
0.00
0.00
0.00
0.00
0.00
0.00
0.00
0.00
0.00
0.00
0.00
0.00
0.00
0.00
15.00
0.00
0.00
0.00
0.00
0.00
0.90
0.00
0.00
0.00
0.00
5.10
0.00
6.00
3.40
11.30
1.50
0.50
0.90
6.30
0.00
0.00
0.00
0.00
1.60
7.30
0.00
0.00
0.70
6.30
0.00
0.00
0.00
0.00
0.30
1.20
0.00
7.10
0.00
0.00
0.00
0.00
0.00
0.00
0.00
0.00
0.00
3.50
0.70
0.00
0.00
0.00
0.80
2.00
0.00
0.00
0.00
0.00
0.00
0.00
0.00
0.00
0.00
0.00
3.10
0.00
0.00
0.00
0.00
0.00
0.00
0.00
0.00
1.10
2.60
0.00
0.00
0.00
0.00
0.00
0.00
7.40
0.00
0.00
0.00
0.00
0.00
0.00
0.00
0.00
0.00
0.00
0.00
5.70
7.50
18.80
7.20
0.10
0.00
0.10
0.00
1.50
0.00
0.10
0.00
0.00
0.00
0.20
0.00
0.30
0.10
0.00
0.00
0.10
0.00
0.00
8.70
1.50
1.70
0.00
0.00
0.00
0.00
0.00
0.00
5.50
12.50
1.50
0.00
0.00
0.00
0.10
0.70
3.30
0.00
0.00
0.00
0.00
0.00
0.00
0.00
0.00
0.00
0.10
0.00
0.10
0.10
0.00
0.00
0.00
0.00
0.00
0.00
0.00
0.00
7.70
0.00
0.00
0.00
5.10
0.00
0.10
2.10
0.00
0.00
1.30
0.00
0.00
0.00
0.00
0.00
0.00
0.00
0.00
0.00
0.00
0.00
0.00
0.00
0.00
0.00
2.50
0.00
0.00
0.00
0.00
0.00
0.40
0.00
0.00
0.00
0.00
0.00
0.00
0.00
0.00
0.00
0.00
0.00
0.00
0.00
0.00
0.00
0.00
0.00
0.00
0.00
0.00
0.00
0.00
0.00
0.00
0.00
0.00
0.00
0.00
0.00
0.00
0.00
0.00
0.00
0.00
0.00
0.00
0.00
0.00
0.00
0.00
0.00
0.00
0.00
0.00
0.00
0.00
0.00
0.00
0.00
0.00
0.00
0.00
0.00
0.00
0.00
0.00
0.00
0.00
0.00
0.00
0.00
0.00
0.00
0.00
0.00
0.00
0.00
0.00
0.00
0.00
0.00
0.00
0.00
0.00
0.00
0.00
0.00
0.00
0.00
0.00
0.00
0.00
0.00
0.00
0.00
0.00
0.10
0.00
0.50
0.00
0.00
0.00
0.00
0.00
0.00
1.90
0.00
0.10
0.00
0.00
12.50
27.90
0.10
3.00
17.50
0.00
0.00
0.00
0.00
0.00
0.00
0.00
0.00
0.00
0.00
0.40
0.00
0.00
2.10
0.30
0.10
0.10
0.00
0.10
0.50
7.00
0.00
0.10
6.90
0.00
0.00
0.00
0.00
0.00
0.00
0.00
0.00
0.00
0.90
1.00
1.90
0.50
3.90
0.10
0.00
0.00
0.00
9.60
3.00
0.00
0.00
0.00
0.00
0.00
0.00
0.00
0.00
0.00
0.00
0.00
0.00
0.00
0.00
0.00
0.00
0.00
0.00
0.00
0.00
0.00
0.00
0.00
0.00
0.00
0.00
0.00
0.00
0.00
0.00
0.00
0.00
0.00
0.00
0.00
21.00
0.10
0.00
0.00
1.00
0.00
0.00
0.00
0.00
0.00
0.00
0.00
0.00
0.00
0.00
0.00
0.00
0.00
0.00
0.00
0.00
0.00
0.10
0.00
0.10
0.10
0.00
0.00
0.00
0.00
0.00
0.00
1.00
0.20
1.20
0.10
0.00
0.00
0.00
0.00
0.00
0.00
0.00
0.00
0.00
1.30
3.20
0.00
1.70
19.00
3.50
0.50
5.40
0.20
0.00
0.00
0.00
0.00
0.00
0.00
0.00
0.00
0.00
0.00
0.00
0.00
0.00
0.00
0.00
1.70
13.00
7.00
0.00
0.00
0.00
0.00
0.00
0.00
0.00
0.00
0.00
13.30
13.00
0.30
0.00
0.00
3.50
0.10
13.30
0.00
0.00
0.00
0.00
0.90
0.10
0.30
0.90
0.10
0.00
0.00
0.00
0.00
0.00
0.00
0.10
0.00
0.00
0.00
8.20
8.30
1.00
0.00
0.00
0.00
0.00
0.00
0.00
0.00
0.00
0.00
0.00
0.00
0.00
0.00
0.00
0.00
0.00
0.50
0.50
0.00
0.00
0.00
0.00
0.00
0.00
0.10
0.10
0.00
0.00
0.00
0.00
11.60
0.00
2.20
0.50
1.30
0.00
0.00
0.00
0.10
0.00
0.00
0.00
0.00
0.00
0.00
0.00
0.00
0.00
0.10
0.00
0.00
0.10
0.00
0.00
2.80
0.00
0.00
0.00
0.00
0.00
0.00
0.00
0.00
0.00
0.00
0.00
0.00
0.00
0.00
0.00
0.00
0.00
0.00
0.00
0.00
0.00
0.00
0.00
0.00
0.00
0.00
0.00
0.00
0.00
0.00
0.00
0.00
0.00
0.00
0.00
0.00
0.00
0.00
0.00
0.00
0.00
0.00
0.00
0.00
0.00
0.00
0.00
0.00
0.40
0.10
0.00
0.00
0.00
0.00
0.00
0.00
0.00
0.00
0.00
0.00
0.00
0.00
0.00
0.00
0.00
0.00
0.00
0.00
0.00
0.00
0.00
0.00
0.00
0.00
0.00
51.00
4.50
3.60
7.20
0.10
0.00
0.00
0.00
0.00
0.00
0.00
0.00
0.10
2.50
0.00
0.00
0.00
0.00
0.00
0.00
0.00
0.00
0.00
0.00
0.00
0.80
0.10
0.00
0.00
0.00
0.00
0.00
0.00
0.00
0.00
0.00
0.00
0.00
0.00
3.30
31.00
3.30
0.00
0.00
0.00
0.00
0.00
0.00
0.00
0.00
0.00
0.00
0.00
0.00
0.00
0.00
0.00
0.00
0.00
0.00
0.00
0.00
0.00
0.00
0.00
0.00
0.00
0.00
0.00
0.00
0.50
7.00
1.10
6.00
9.20
0.00
1.80
11.00
12.80
12.10
1.20
5.00
0.10
10.10
16.10
1.00
9.50
0.00
-9999.00
-9999.00
-9999.00
-9999.00
-9999.00
-9999.00
-9999.00
-9999.00
-9999.00
-9999.00
-9999.00
-9999.00
-9999.00
-9999.00
-9999.00
-9999.00
-9999.00
-9999.00
-9999.00
-9999.00
-9999.00
-9999.00
-9999.00
-9999.00
-9999.00
-9999.00
-9999.00
-9999.00
-9999.00
-9999.00
-9999.00
-9999.00
-9999.00
-9999.00
-9999.00
-9999.00
-9999.00
-9999.00
-9999.00
-9999.00
-9999.00
-9999.00
-9999.00
-9999.00
-9999.00
-9999.00
-9999.00
-9999.00
-9999.00
-9999.00
-9999.00
-9999.00
-9999.00
-9999.00
-9999.00
-9999.00
-9999.00
-9999.00
-9999.00
-9999.00
-9999.00
-9999.00
-9999.00
-9999.00
-9999.00
-9999.00
-9999.00
-9999.00
-9999.00
-9999.00
-9999.00
-9999.00
-9999.00
-9999.00
-9999.00
-9999.00
-9999.00
-9999.00
-9999.00
-9999.00
-9999.00
-9999.00
-9999.00
-9999.00
-9999.00
-9999.00
-9999.00
-9999.00
-9999.00
-9999.00
-9999.00
-9999.00
-9999.00
-9999.00
-9999.00
-9999.00
-9999.00
-9999.00
-9999.00
-9999.00
-9999.00
-9999.00
-9999.00
-9999.00
-9999.00
-9999.00
-9999.00
-9999.00
-9999.00
-9999.00
-9999.00
-9999.00
-9999.00
-9999.00
-9999.00
-9999.00
-9999.00
-9999.00
-9999.00
-9999.00
-9999.00
14.40
2.80
0.00
0.00
1.10
3.50
3.90
12.20
2.00
0.10
0.00
0.00
2.00
0.00
0.00
0.00
0.00
0.00
0.00
0.00
0.60
0.10
0.50
0.00
0.00
0.60
5.00
19.80
20.20
0.50
0.10
0.00
0.00
0.00
0.00
0.00
0.00
0.00
8.00
0.10
31.20
0.10
0.00
0.00
0.00
0.00
0.00
0.00
0.00
0.00
0.00
0.00
0.00
0.00
0.00
0.00
0.00
0.00
0.00
0.00
0.00
-9999.00
-9999.00
-9999.00
-9999.00
-9999.00
-9999.00
-9999.00
-9999.00
-9999.00
-9999.00
-9999.00
-9999.00
-9999.00
-9999.00
-9999.00
-9999.00
-9999.00
-9999.00
-9999.00
-9999.00
-9999.00
-9999.00
-9999.00
-9999.00
-9999.00
-9999.00
-9999.00
-9999.00
-9999.00
-9999.00
-9999.00
-9999.00
-9999.00
-9999.00
-9999.00
-9999.00
-9999.00
-9999.00
-9999.00
-9999.00
-9999.00
-9999.00
-9999.00
-9999.00
-9999.00
-9999.00
-9999.00
-9999.00
-9999.00
-9999.00
-9999.00
-9999.00
-9999.00
-9999.00
-9999.00
-9999.00
-9999.00
-9999.00
-9999.00
-9999.00
-9999.00
0.00
0.00
0.00
0.00
5.50
0.00
0.00
0.00
0.00
0.00
0.00
0.00
0.00
0.00
0.00
0.00
0.00
0.00
1.50
0.10
0.00
0.00
0.00
0.00
0.00
0.00
0.00
0.00
0.00
0.00
0.00
0.00
0.10
0.00
0.00
0.00
0.00
0.00
0.30
0.00
0.00
0.00
0.00
0.00
0.50
2.10
6.20
3.50
0.20
0.00
0.00
0.00
0.00
0.10
5.00
1.30
0.00
0.10
0.00
1.20
0.00
-9999.00
-9999.00
-9999.00
-9999.00
-9999.00
-9999.00
-9999.00
-9999.00
-9999.00
-9999.00
-9999.00
-9999.00
-9999.00
-9999.00
-9999.00
-9999.00
-9999.00
-9999.00
-9999.00
-9999.00
-9999.00
-9999.00
-9999.00
-9999.00
-9999.00
-9999.00
-9999.00
-9999.00
-9999.00
-9999.00
-9999.00
-9999.00
-9999.00
-9999.00
-9999.00
-9999.00
-9999.00
-9999.00
-9999.00
-9999.00
-9999.00
-9999.00
-9999.00
-9999.00
-9999.00
-9999.00
-9999.00
-9999.00
-9999.00
-9999.00
-9999.00
-9999.00
-9999.00
-9999.00
-9999.00
-9999.00
-9999.00
-9999.00
-9999.00
-9999.00
-9999.00
0.00
0.00
0.10
0.20
0.00
0.00
0.00
8.90
0.40
0.50
0.00
0.00
0.00
0.00
0.00
0.00
0.00
0.20
5.10
0.00
0.00
0.00
0.00
0.00
1.70
0.10
0.00
0.20
0.10
0.00
0.00
0.00
0.00
0.00
0.00
0.00
0.00
0.00
0.10
0.10
0.00
0.00
0.30
0.00
0.00
0.00
0.00
0.00
0.00
0.00
0.00
0.00
0.00
0.00
0.00
0.00
0.00
0.00
0.00
2.20
0.00
0.00
-9999.00
-9999.00
-9999.00
-9999.00
-9999.00
-9999.00
-9999.00
-9999.00
-9999.00
-9999.00
-9999.00
-9999.00
-9999.00
-9999.00
-9999.00
-9999.00
-9999.00
-9999.00
-9999.00
-9999.00
-9999.00
-9999.00
-9999.00
-9999.00
-9999.00
-9999.00
-9999.00
-9999.00
11.70
0.00
0.00
0.00
3.60
17.00
3.50
6.10
1.80
0.10
0.00
8.10
0.10
0.00
0.00
0.10
0.10
0.00
0.00
0.00
0.10
0.10
0.30
0.00
0.00
0.00
0.00
0.00
0.00
0.00
0.00
-9999.00
-9999.00
-9999.00
-9999.00
-9999.00
-9999.00
-9999.00
-9999.00
-9999.00
-9999.00
-9999.00
-9999.00
-9999.00
-9999.00
-9999.00
-9999.00
-9999.00
-9999.00
-9999.00
-9999.00
-9999.00
-9999.00
-9999.00
-9999.00
-9999.00
-9999.00
-9999.00
-9999.00
-9999.00
-9999.00
-9999.00
-9999.00
-9999.00
-9999.00
-9999.00
-9999.00
-9999.00
-9999.00
-9999.00
-9999.00
-9999.00
-9999.00
-9999.00
-9999.00
-9999.00
-9999.00
-9999.00
-9999.00
-9999.00
-9999.00
-9999.00
-9999.00
-9999.00
-9999.00
-9999.00
-9999.00
-9999.00
-9999.00
-9999.00
-9999.00
-9999.00
0.10
0.40
1.80
0.00
0.00
0.00
0.00
0.00
0.00
0.00
0.00
0.00
0.00
0.00
0.00
0.00
0.00
0.00
0.00
0.00
0.00
0.00
0.00
0.00
0.00
0.00
0.00
0.00
0.00
0.00
0.10
0.00
0.00
0.00
0.00
0.00
0.00
0.00
0.00
0.00
0.00
0.00
0.10
0.00
0.00
0.00
0.00
0.00
0.00
0.10
0.00
0.00
0.00
0.00
0.00
0.00
0.00
0.00
0.00
0.00
0.00
-9999.00
-9999.00
-9999.00
-9999.00
-9999.00
-9999.00
-9999.00
-9999.00
-9999.00
-9999.00
-9999.00
-9999.00
-9999.00
-9999.00
-9999.00
-9999.00
-9999.00
-9999.00
-9999.00
-9999.00
-9999.00
-9999.00
-9999.00
-9999.00
-9999.00
-9999.00
-9999.00
-9999.00
-9999.00
-9999.00
-9999.00
0.00
0.00
0.10
0.00
0.70
0.00
0.00
0.00
0.00
0.00
1.80
0.00
0.00
0.00
0.00
0.00
0.00
0.00
0.00
0.10
0.00
0.00
0.00
12.20
0.20
0.00
0.00
20.20
0.40
0.00
0.00
0.00
0.00
0.00
0.00
0.00
0.00
1.10
5.70
23.60
3.70
19.60
0.30
0.10
0.00
0.00
0.00
0.00
0.00
0.00
0.00
0.00
0.00
0.00
0.10
0.40
0.00
0.00
0.00
0.00
0.00
-9999.00
-9999.00
-9999.00
-9999.00
-9999.00
-9999.00
-9999.00
-9999.00
-9999.00
-9999.00
-9999.00
-9999.00
-9999.00
-9999.00
-9999.00
-9999.00
-9999.00
-9999.00
-9999.00
-9999.00
-9999.00
-9999.00
-9999.00
-9999.00
-9999.00
-9999.00
-9999.00
-9999.00
-9999.00
-9999.00
0.10
0.00
0.00
0.00
1.40
0.20
1.20
8.20
0.50
0.40
0.00
0.00
0.00
2.40
1.90
0.00
0.00
0.00
0.00
0.00
0.00
0.00
0.00
0.00
0.00
0.00
0.00
0.00
0.00
0.00
0.00
0.00
0.00
0.00
0.00
0.00
0.00
0.00
0.00
0.10
0.00
0.00
0.00
0.10
0.00
0.00
0.00
0.00
0.00
0.00
0.00
0.00
0.00
0.00
0.00
0.00
0.00
0.00
17.30
0.00
0.00
0.00
0.00
0.00
0.00
0.00
0.00
0.00
0.00
0.00
0.00
1.00
0.00
0.00
0.00
0.00
0.00
0.00
6.40
7.00
21.00
0.00
0.00
0.00
0.00
0.40
3.30
0.10
0.00
0.00
0.00
0.00
0.40
0.00
0.00
0.00
0.10
0.00
0.00
0.00
0.00
0.00
0.00
0.00
0.00
0.00
0.00
0.00
0.10
0.00
0.00
0.00
0.00
0.10
1.80
0.00
0.00
0.00
0.00
0.20
21.50
0.80
2.30
0.10
16.00
4.00
0.20
8.40
0.20
4.70
0.00
0.00
0.00
0.00
0.00
0.00
0.00
0.00
0.00
0.00
0.00
0.00
0.00
0.00
0.00
0.00
0.00
0.00
0.00
0.00
0.00
0.00
0.00
0.00
0.10
0.00
0.00
0.00
0.00
0.00
0.00
0.00
0.00
0.00
0.10
0.00
0.00
0.00
0.00
0.00
0.00
4.70
0.00
0.00
0.40
0.00
0.00
0.00
0.00
0.00
0.00
0.00
0.00
0.00
0.00
0.10
0.00
0.00
0.00
0.00
0.00
0.10
0.00
0.00
0.70
5.10
3.60
3.40
1.20
5.30
0.00
0.00
2.30
16.20
0.00
0.00
0.00
0.00
0.00
0.00
0.00
0.00
0.00
0.00
0.00
0.00
0.00
0.00
0.50
0.70
0.00
0.00
0.00
0.00
0.00
0.00
0.00
0.00
2.00
0.00
0.00
0.00
0.00
0.00
0.00
0.00
0.00
0.00
0.10
0.00
0.00
0.00
0.10
0.00
0.00
0.00
0.60
0.00
0.00
0.00
0.00
0.00
0.00
0.00
0.00
0.00
0.00
0.00
0.00
0.00
0.00
0.00
0.00
0.00
0.00
0.00
0.00
0.00
0.00
0.00
0.00
0.10
0.00
0.00
0.00
0.00
0.00
0.00
0.00
0.00
0.00
0.00
0.00
0.00
0.00
0.00
0.00
0.00
0.00
0.00
0.00
0.00
0.80
0.00
0.00
0.00
0.00
0.00
0.00
1.80
13.70
0.00
0.00
0.00
0.00
0.00
0.00
0.00
0.00
0.00
0.00
0.00
11.10
0.20
3.90
10.60
0.00
0.00
0.00
1.20
30.10
0.00
6.90
10.70
3.80
0.00
0.00
0.00
0.00
0.00
0.00
0.00
0.20
4.30
0.30
0.00
0.00
0.00
0.00
0.00
0.00
0.00
0.10
2.70
4.00
0.00
0.00
0.00
0.00
0.00
7.80
0.00
0.00
0.00
0.00
0.00
0.00
0.00
0.00
0.00
0.00
0.00
0.00
0.00
0.00
0.00
0.00
0.10
0.40
13.10
0.10
1.40
0.10
0.00
0.00
0.00
0.00
0.00
0.00
0.10
6.30
1.60
0.00
0.00
0.00
0.00
0.20
0.00
0.00
0.00
0.00
0.60
0.00
0.00
0.00
0.00
0.00
0.00
0.00
0.00
0.00
0.00
0.00
0.00
0.00
0.00
0.00
0.00
0.00
0.00
0.00
0.00
0.00
0.00
0.00
0.00
0.00
0.00
0.00
0.00
0.00
0.00
0.00
0.00
0.00
0.00
0.00
0.10
0.10
0.80
0.10
0.00
0.00
0.00
0.00
0.00
0.70
0.10
4.40
0.00
0.00
0.00
0.00
0.00
0.00
0.00
0.00
0.00
0.00
0.00
0.00
0.00
0.00
4.40
0.10
0.00
0.00
0.00
0.00
0.00
0.00
0.00
1.20
0.00
0.00
0.00
0.00
0.00
9.60
1.40
0.00
0.00
0.00
0.00
0.00
0.00
0.00
0.00
0.00
3.60
10.60
0.00
0.00
0.00
0.00
0.00
0.00
0.00
0.00
0.00
0.00
0.00
0.00
0.00
0.00
0.00
0.00
0.10
0.00
0.00
9.60
1.50
0.00
0.00
0.00
0.00
0.00
0.00
0.00
0.10
3.20
6.40
0.30
0.00
7.40
3.80
3.20
3.20
0.00
0.10
0.00
0.70
0.00
0.00
0.00
0.20
0.00
2.10
16.60
0.20
0.10
0.00
0.00
0.00
0.00
0.00
0.00
0.00
0.70
6.90
0.10
1.90
0.00
0.00
0.00
0.00
0.00
0.00
0.00
0.00
0.00
0.00
0.00
3.60
1.80
0.00
0.00
0.00
0.00
0.00
0.00
0.00
0.00
0.00
0.00
0.00
0.00
0.00
0.00
0.00
0.00
0.10
0.00
0.00
0.00
0.00
0.00
0.00
0.00
0.00
0.00
0.00
0.00
0.00
0.00
0.00
0.00
0.00
0.00
0.00
0.00
0.00
0.00
0.00
0.00
0.00
0.00
0.00
0.00
0.00
0.00
0.00
0.00
0.00
0.00
0.00
0.00
0.00
0.00
0.00
0.00
0.00
0.00
0.00
0.00
0.00
0.00
0.00
2.40
0.00
0.00
0.00
0.00
0.00
0.00
0.00
0.00
0.00
0.00
0.00
0.00
0.00
0.00
0.00
0.00
0.00
0.00
0.00
0.00
0.00
0.00
0.00
0.00
0.00
0.00
0.00
0.00
0.00
0.00
0.00
0.00
0.00
0.00
0.00
0.00
0.00
1.50
0.50
0.00
0.00
0.00
1.70
0.00
0.00
0.00
0.00
0.00
0.00
0.00
0.00
3.00
0.00
0.00
0.50
0.60
0.00
9.60
0.20
0.10
2.30
7.60
0.00
0.70
0.00
0.00
4.60
0.00
0.00
0.00
0.00
0.00
0.00
0.00
0.00
0.00
14.10
2.50
0.00
0.10
13.30
0.40
10.10
2.20
19.90
0.10
1.50
3.90
0.00
1.40
0.20
0.00
0.00
1.70
0.00
0.00
0.00
0.00
0.00
0.00
0.00
0.00
0.00
0.20
0.00
0.00
0.00
0.00
0.00
0.50
0.00
0.00
0.00
0.00
0.00
0.00
0.00
0.00
0.00
0.00
0.00
0.00
0.00
0.00
0.40
0.00
0.00
0.00
0.00
0.00
0.00
0.00
0.00
0.00
0.00
0.00
9.00
0.10
0.30
0.00
0.00
0.00
0.00
0.00
0.00
0.10
2.80
0.10
42.20
0.10
0.10
3.20
3.10
0.50
0.00
0.00
0.00
0.00
0.00
0.00
0.00
0.00
0.00
0.00
0.00
0.00
0.00
0.00
0.00
0.00
0.00
0.00
0.00
0.00
0.00
0.00
11.00
2.40
0.00
0.00
1.10
0.00
0.00
0.00
0.00
0.00
0.40
0.10
2.00
5.40
0.00
0.10
0.60
0.00
0.00
0.00
0.00
0.00
0.00
0.70
11.90
10.20
0.00
0.00
0.00
0.00
0.10
0.00
0.00
0.00
0.00
0.00
0.00
0.00
0.00
0.00
0.00
0.00
0.00
0.00
0.00
0.00
0.00
0.10
0.00
0.00
0.00
0.00
0.00
0.00
0.00
0.00
0.00
0.00
0.00
0.00
0.00
0.00
0.00
0.00
0.00
0.00
0.00
0.00
0.00
0.00
12.10
11.90
0.00
0.00
0.10
2.00
0.30
0.00
0.00
7.10
0.20
0.00
0.00
0.00
0.00
0.00
0.00
0.00
0.00
0.00
0.10
0.00
1.30
0.00
0.00
0.00
0.00
0.00
0.00
9.40
3.90
0.00
0.10
10.80
0.10
0.30
0.00
0.00
0.00
1.60
0.10
0.00
0.00
0.00
0.00
0.00
0.00
0.00
0.00
0.00
0.00
0.00
0.00
0.00
0.00
0.00
0.10
0.00
0.00
0.00
0.00
0.00
0.10
0.00
0.00
0.00
0.00
0.00
0.00
0.00
0.00
0.00
0.00
0.00
0.00
0.00
0.00
0.00
0.00
0.00
0.00
0.00
0.00
0.00
0.00
0.00
0.00
0.00
0.00
0.00
0.00
0.20
0.00
0.00
0.00
0.00
0.00
0.00
0.00
0.00
0.00
0.00
0.00
0.00
0.00
0.00
0.00
0.00
0.00
0.00
0.00
0.10
0.00
0.00
0.00
0.00
0.00
0.00
0.00
0.00
0.00
0.00
0.60
0.00
0.00
0.00
0.00
0.10
0.10
0.00
0.00
0.00
0.00
0.00
0.00
0.00
0.00
0.00
0.00
0.00
0.00
0.00
0.00
0.00
0.00
0.00
0.00
0.00
0.00
0.00
0.00
0.00
0.00
0.00
0.00
0.00
0.00
0.00
0.00
0.00
0.10
0.00
2.60
0.00
0.00
0.00
0.00
8.30
6.60
0.00
0.00
8.30
0.00
0.00
0.00
0.00
0.00
3.00
0.00
0.10
0.00
0.00
0.00
0.10
0.00
0.00
0.00
2.40
14.80
0.10
0.00
5.20
0.00
0.00
0.00
0.00
0.50
0.10
0.00
0.00
0.00
0.00
0.00
18.80
9.60
0.00
0.10
0.90
0.10
3.70
0.00
0.00
0.00
0.00
0.00
0.00
0.00
0.00
0.00
0.00
0.00
0.00
0.00
0.00
0.00
0.00
0.00
0.00
0.00
0.00
0.00
0.00
0.00
0.00
0.00
0.00
2.30
0.00
0.00
0.00
0.00
0.00
0.00
0.00
0.00
0.00
0.00
0.00
0.00
0.00
0.00
0.00
0.00
0.00
0.00
0.00
0.00
0.00
0.00
0.10
1.20
0.10
4.90
0.00
0.00
0.00
0.00
0.00
0.00
0.00
0.00
0.00
0.00
0.00
0.00
0.00
0.00
0.00
0.10
2.30
0.00
0.30
0.00
0.00
0.00
0.00
0.00
0.70
0.00
0.00
0.00
0.80
0.00