1 1 1983
10 
0.00
0.00
0.00
0.00
0.00
0.00
0.00
0.00
0.00
0.00
0.00
0.00
0.00
0.00
0.00
0.00
0.00
0.00
0.00
0.00
0.00
0.00
0.00
0.00
0.00
0.00
0.00
0.00
0.00
0.00
0.00
0.00
0.00
0.00
0.00
0.00
0.00
0.00
0.00
0.00
0.10
3.10
5.50
4.80
0.00
0.00
0.00
0.00
0.00
0.00
0.00
0.00
0.00
0.00
0.00
0.00
0.00
0.00
0.00
0.00
0.00
0.00
0.00
0.00
0.00
0.00
0.00
0.00
0.00
0.00
0.00
0.00
0.00
0.00
0.00
0.00
0.00
1.10
3.80
2.10
4.10
5.60
0.00
0.00
3.40
0.00
0.00
0.00
0.00
0.00
0.00
0.00
0.00
0.00
0.00
0.00
0.00
0.00
0.00
0.00
0.00
0.00
0.00
0.00
0.40
0.00
3.50
0.00
0.00
0.00
0.00
0.00
0.00
0.00
0.00
0.00
0.00
0.00
0.00
0.00
0.00
0.00
0.00
0.00
0.00
0.00
0.00
0.00
0.00
0.00
0.00
0.00
0.00
0.00
0.00
0.00
0.00
0.00
0.00
0.00
3.40
0.00
0.00
0.00
0.00
3.00
3.10
0.00
0.00
0.00
0.00
0.00
0.00
0.00
0.00
0.00
0.00
0.00
0.00
0.00
0.00
0.00
0.00
0.00
0.00
0.00
0.00
0.00
0.00
0.00
0.00
0.00
1.10
5.20
0.00
0.00
0.00
0.00
0.00
0.00
0.00
0.00
0.00
0.00
0.00
0.00
0.00
0.00
0.00
0.00
0.00
0.00
0.00
0.00
0.00
0.00
0.00
0.00
0.00
0.00
0.00
0.00
0.00
0.00
0.00
0.00
0.00
0.00
0.00
0.00
0.00
0.00
0.00
0.00
0.00
0.00
0.00
0.00
0.00
0.00
0.00
0.00
0.00
0.00
0.00
0.00
0.00
0.00
0.00
0.00
0.00
0.00
0.00
-9999.00
0.00
0.00
0.00
0.00
-9999.00
0.00
0.00
0.00
0.00
0.00
0.00
0.00
0.00
0.00
0.00
0.00
0.00
0.00
0.00
0.00
0.00
0.00
0.00
0.00
0.00
0.00
0.00
0.00
0.00
0.00
0.00
0.00
0.00
0.00
0.00
0.00
0.00
0.00
0.00
0.00
0.00
0.00
0.00
0.00
0.00
0.00
0.00
0.00
0.00
0.00
0.00
0.00
0.00
0.00
0.00
0.00
0.00
0.00
0.00
0.00
0.00
0.00
0.00
0.00
0.00
0.00
0.00
0.90
0.00
0.00
0.00
2.20
8.20
4.50
7.20
12.10
0.00
0.00
0.00
0.00
0.00
0.00
0.00
7.20
16.50
3.10
5.50
19.20
10.00
12.00
1.20
1.50
0.00
0.00
0.00
0.00
0.00
0.00
0.00
0.00
0.00
0.00
0.00
0.00
0.00
0.00
0.00
0.00
0.00
0.00
0.00
0.00
0.00
0.00
21.10
0.00
4.50
0.00
15.50
2.00
8.20
0.00
0.00
0.00
0.00
0.00
0.00
0.00
0.00
0.00
0.00
0.00
0.00
0.00
0.00
0.00
0.00
0.00
0.00
4.90
0.00
0.00
0.00
0.00
0.00
0.00
0.00
0.00
0.00
0.00
0.00
0.00
0.00
0.00
0.00
0.00
0.00
0.00
0.00
0.00
0.00
0.00
0.00
0.00
0.00
0.00
0.00
0.00
0.00
0.00
0.00
0.00
0.00
0.00
0.00
0.00
0.00
0.00
0.00
0.00
0.00
0.00
0.00
0.00
14.90
0.70
0.00
0.50
9.50
9.40
0.00
0.40
0.00
0.00
0.00
0.00
0.00
0.00
0.00
0.00
0.00
0.00
0.80
0.00
0.30
0.90
0.00
0.00
0.00
0.00
3.20
9.10
14.20
0.00
0.00
3.50
0.00
0.00
0.00
0.00
0.00
4.10
0.00
0.00
0.00
0.00
0.00
0.00
0.00
0.00
4.10
0.00
0.00
0.00
2.00
3.10
8.50
0.00
0.00
0.00
0.00
0.00
0.00
0.00
0.00
0.00
3.50
0.90
0.00
0.00
14.50
4.10
3.00
0.00
3.00
4.20
0.00
0.00
14.50
7.00
37.50
13.00
3.50
0.00
0.00
3.50
0.00
0.00
2.10
1.10
13.10
3.50
0.00
0.00
0.00
0.00
0.00
0.00
0.00
0.00
16.60
11.20
0.00
0.00
0.00
0.00
0.00
0.00
0.00
0.00
0.00
0.00
0.00
0.00
0.00
0.00
0.00
0.00
0.00
0.00
4.80
0.00
0.00
0.00
0.00
0.00
0.00
0.00
0.00
0.00
0.00
0.00
0.00
0.00
0.00
0.00
0.00
0.00
0.00
0.00
0.00
0.00
0.00
0.00
0.00
0.00
0.00
0.00
0.00
0.00
0.00
0.00
0.00
0.00
0.00
0.00
0.00
7.50
0.00
0.00
0.00
0.00
0.00
0.00
0.00
0.00
0.00
0.00
0.00
0.00
0.00
0.00
0.00
0.00
0.00
0.00
0.00
0.00
0.00
0.00
0.00
0.00
0.00
0.00
0.00
0.00
0.00
0.00
0.00
0.00
0.00
0.00
0.00
0.00
0.00
0.00
0.00
0.00
1.10
0.00
0.00
0.00
0.00
0.00
0.00
14.10
0.00
0.00
0.00
0.00
0.00
0.00
0.00
0.00
0.00
0.00
0.00
0.00
0.00
0.00
0.00
0.00
0.00
0.00
0.00
0.00
0.00
0.00
0.00
0.00
0.00
0.00
0.00
0.00
0.00
0.00
0.00
0.00
0.00
0.00
0.00
0.00
0.00
0.20
0.00
0.00
0.00
0.00
0.00
0.00
0.00
0.00
0.00
0.00
0.00
0.00
0.00
0.00
0.00
17.70
5.20
8.10
25.20
24.00
7.10
7.00
6.50
3.60
0.00
5.20
0.00
0.00
0.00
0.00
0.00
0.00
0.00
0.00
0.00
0.00
0.00
0.00
0.00
0.00
0.00
0.10
10.80
0.00
0.00
0.00
0.00
0.00
0.00
0.00
0.00
0.00
0.00
0.00
0.00
0.00
0.00
0.00
0.00
2.00
0.00
0.00
0.00
0.00
0.00
0.00
0.00
0.00
0.00
0.00
0.00
0.00
0.00
0.00
0.00
0.00
0.00
4.10
0.00
0.00
0.00
0.00
0.00
0.00
0.00
0.00
0.00
0.00
0.00
3.50
0.00
0.00
3.00
0.00
0.00
1.00
0.00
0.00
0.00
0.00
0.00
0.00
0.00
0.00
0.00
0.00
0.00
0.00
0.00
0.00
1.20
0.00
2.10
14.50
18.50
4.50
0.00
0.00
0.00
0.00
0.00
0.00
0.00
6.60
5.50
0.00
0.00
0.30
0.00
1.50
0.00
0.00
0.00
0.00
0.00
0.00
0.00
0.00
0.00
0.00
0.00
0.00
0.00
0.00
0.00
0.00
0.00
0.00
0.00
0.00
7.10
0.00
0.00
0.00
0.00
0.00
0.00
0.00
5.00
0.00
0.00
0.00
0.00
0.00
0.00
0.00
0.00
0.00
0.00
0.00
0.00
0.00
0.00
0.00
0.00
0.00
0.00
0.00
0.00
0.00
0.00
0.00
0.00
1.80
3.30
0.00
0.00
0.00
0.00
7.30
5.50
0.00
0.00
0.00
0.00
0.00
10.50
1.50
7.90
0.00
0.00
0.00
5.30
1.20
4.40
1.50
0.00
0.00
0.00
0.00
0.00
10.10
0.00
0.00
0.00
9.30
0.00
0.50
3.10
0.00
0.00
0.00
0.00
6.90
6.90
0.00
0.00
0.00
0.00
0.00
0.00
0.00
0.00
0.00
0.00
0.00
0.00
0.00
0.00
0.00
0.00
7.50
0.00
0.00
0.00
0.00
0.00
0.00
0.00
0.00
0.00
0.00
0.00
0.00
0.00
0.00
0.00
0.00
0.00
0.00
0.00
0.00
0.00
0.00
0.00
0.00
0.00
0.00
0.00
0.00
0.00
0.00
0.00
0.00
0.00
0.00
0.00
0.00
0.00
0.00
0.00
0.00
0.00
0.00
0.00
-9999.00
-9999.00
-9999.00
-9999.00
-9999.00
-9999.00
-9999.00
-9999.00
-9999.00
-9999.00
-9999.00
-9999.00
-9999.00
-9999.00
-9999.00
-9999.00
-9999.00
-9999.00
-9999.00
-9999.00
-9999.00
-9999.00
-9999.00
-9999.00
-9999.00
-9999.00
-9999.00
-9999.00
-9999.00
-9999.00
-9999.00
0.00
0.00
0.00
0.00
0.00
0.00
0.00
0.00
0.00
0.00
0.00
0.00
0.20
0.00
0.00
0.00
0.00
0.00
0.00
0.00
0.00
0.80
0.10
0.00
0.00
1.20
0.00
0.00
0.00
0.00
-9999.00
-9999.00
-9999.00
-9999.00
-9999.00
-9999.00
-9999.00
-9999.00
-9999.00
-9999.00
-9999.00
-9999.00
-9999.00
-9999.00
-9999.00
-9999.00
-9999.00
-9999.00
-9999.00
-9999.00
-9999.00
-9999.00
-9999.00
-9999.00
-9999.00
-9999.00
-9999.00
-9999.00
-9999.00
-9999.00
-9999.00
-9999.00
-9999.00
-9999.00
-9999.00
-9999.00
-9999.00
-9999.00
-9999.00
-9999.00
-9999.00
-9999.00
-9999.00
-9999.00
-9999.00
-9999.00
-9999.00
-9999.00
-9999.00
-9999.00
-9999.00
-9999.00
-9999.00
-9999.00
-9999.00
-9999.00
-9999.00
-9999.00
-9999.00
-9999.00
-9999.00
0.00
0.00
0.00
0.00
0.00
1.10
0.00
0.00
0.00
0.00
7.20
0.00
0.00
0.00
0.00
0.00
0.00
0.00
0.00
0.00
0.00
0.00
2.10
0.00
0.00
0.00
0.00
0.00
0.00
0.50
0.00
-9999.00
-9999.00
-9999.00
-9999.00
-9999.00
-9999.00
-9999.00
-9999.00
-9999.00
-9999.00
-9999.00
-9999.00
-9999.00
-9999.00
-9999.00
-9999.00
-9999.00
-9999.00
-9999.00
-9999.00
-9999.00
-9999.00
-9999.00
-9999.00
-9999.00
-9999.00
-9999.00
-9999.00
-9999.00
-9999.00
-9999.00
-9999.00
-9999.00
-9999.00
-9999.00
-9999.00
-9999.00
-9999.00
-9999.00
-9999.00
-9999.00
-9999.00
-9999.00
-9999.00
-9999.00
-9999.00
-9999.00
-9999.00
-9999.00
-9999.00
-9999.00
-9999.00
-9999.00
-9999.00
-9999.00
-9999.00
-9999.00
-9999.00
-9999.00
-9999.00
-9999.00
-9999.00
-9999.00
-9999.00
-9999.00
-9999.00
-9999.00
-9999.00
-9999.00
-9999.00
-9999.00
-9999.00
-9999.00
-9999.00
-9999.00
-9999.00
-9999.00
-9999.00
-9999.00
-9999.00
-9999.00
-9999.00
-9999.00
-9999.00
-9999.00
-9999.00
-9999.00
-9999.00
-9999.00
-9999.00
-9999.00
-9999.00
-9999.00
-9999.00
-9999.00
-9999.00
-9999.00
-9999.00
-9999.00
-9999.00
-9999.00
-9999.00
-9999.00
-9999.00
-9999.00
-9999.00
-9999.00
-9999.00
-9999.00
-9999.00
-9999.00
-9999.00
-9999.00
-9999.00
-9999.00
-9999.00
-9999.00
-9999.00
-9999.00
-9999.00
-9999.00
-9999.00
-9999.00
-9999.00
-9999.00
-9999.00
-9999.00
-9999.00
-9999.00
-9999.00
-9999.00
-9999.00
-9999.00
-9999.00
-9999.00
-9999.00
-9999.00
-9999.00
-9999.00
-9999.00
-9999.00
-9999.00
-9999.00
-9999.00
-9999.00
-9999.00
-9999.00
-9999.00
-9999.00
-9999.00
-9999.00
-9999.00
-9999.00
-9999.00
-9999.00
-9999.00
-9999.00
-9999.00
-9999.00
-9999.00
-9999.00
-9999.00
-9999.00
-9999.00
-9999.00
-9999.00
-9999.00
-9999.00
-9999.00
-9999.00
-9999.00
-9999.00
-9999.00
-9999.00
-9999.00
-9999.00
-9999.00
-9999.00
-9999.00
-9999.00
-9999.00
-9999.00
-9999.00
-9999.00
-9999.00
-9999.00
-9999.00
-9999.00
-9999.00
-9999.00
-9999.00
-9999.00
-9999.00
-9999.00
-9999.00
-9999.00
-9999.00
-9999.00
-9999.00
-9999.00
-9999.00
-9999.00
-9999.00
-9999.00
-9999.00
-9999.00
-9999.00
-9999.00
-9999.00
-9999.00
-9999.00
-9999.00
-9999.00
-9999.00
-9999.00
-9999.00
-9999.00
-9999.00
-9999.00
-9999.00
-9999.00
-9999.00
-9999.00
-9999.00
-9999.00
-9999.00
-9999.00
-9999.00
-9999.00
-9999.00
-9999.00
-9999.00
-9999.00
-9999.00
-9999.00
-9999.00
-9999.00
-9999.00
-9999.00
-9999.00
-9999.00
-9999.00
-9999.00
-9999.00
-9999.00
-9999.00
-9999.00
-9999.00
-9999.00
-9999.00
-9999.00
-9999.00
-9999.00
-9999.00
-9999.00
-9999.00
-9999.00
-9999.00
-9999.00
-9999.00
-9999.00
-9999.00
-9999.00
-9999.00
-9999.00
-9999.00
-9999.00
-9999.00
-9999.00
-9999.00
-9999.00
-9999.00
-9999.00
-9999.00
-9999.00
-9999.00
-9999.00
-9999.00
-9999.00
-9999.00
-9999.00
-9999.00
-9999.00
-9999.00
-9999.00
-9999.00
-9999.00
-9999.00
-9999.00
-9999.00
-9999.00
-9999.00
-9999.00
-9999.00
-9999.00
-9999.00
-9999.00
-9999.00
-9999.00
-9999.00
-9999.00
-9999.00
-9999.00
-9999.00
-9999.00
-9999.00
-9999.00
-9999.00
-9999.00
-9999.00
-9999.00
-9999.00
-9999.00
-9999.00
-9999.00
-9999.00
-9999.00
-9999.00
-9999.00
-9999.00
-9999.00
-9999.00
-9999.00
-9999.00
-9999.00
-9999.00
-9999.00
-9999.00
-9999.00
-9999.00
-9999.00
-9999.00
-9999.00
-9999.00
-9999.00
-9999.00
-9999.00
-9999.00
-9999.00
-9999.00
-9999.00
-9999.00
-9999.00
-9999.00
-9999.00
-9999.00
-9999.00
-9999.00
-9999.00
-9999.00
-9999.00
-9999.00
-9999.00
-9999.00
-9999.00
-9999.00
-9999.00
-9999.00
-9999.00
-9999.00
-9999.00
-9999.00
-9999.00
-9999.00
-9999.00
-9999.00
-9999.00
-9999.00
-9999.00
-9999.00
-9999.00
-9999.00
-9999.00
-9999.00
-9999.00
-9999.00
-9999.00
-9999.00
-9999.00
-9999.00
-9999.00
-9999.00
-9999.00
-9999.00
-9999.00
-9999.00
-9999.00
-9999.00
-9999.00
-9999.00
-9999.00
-9999.00
-9999.00
-9999.00
-9999.00
-9999.00
-9999.00
-9999.00
-9999.00
-9999.00
-9999.00
-9999.00
-9999.00
-9999.00
-9999.00
-9999.00
-9999.00
-9999.00
-9999.00
-9999.00
-9999.00
-9999.00
-9999.00
-9999.00
-9999.00
-9999.00
-9999.00
-9999.00
-9999.00
-9999.00
-9999.00
-9999.00
-9999.00
-9999.00
-9999.00
-9999.00
-9999.00
-9999.00
-9999.00
-9999.00
-9999.00
-9999.00
-9999.00
-9999.00
-9999.00
-9999.00
-9999.00
-9999.00
-9999.00
-9999.00
-9999.00
-9999.00
-9999.00
-9999.00
-9999.00
-9999.00
-9999.00
-9999.00
-9999.00
-9999.00
-9999.00
-9999.00
-9999.00
-9999.00
-9999.00
-9999.00
-9999.00
-9999.00
-9999.00
-9999.00
-9999.00
-9999.00
-9999.00
-9999.00
-9999.00
-9999.00
-9999.00
-9999.00
-9999.00
-9999.00
-9999.00
-9999.00
-9999.00
-9999.00
-9999.00
-9999.00
-9999.00
-9999.00
-9999.00
-9999.00
-9999.00
-9999.00
-9999.00
-9999.00
-9999.00
-9999.00
-9999.00
-9999.00
-9999.00
-9999.00
-9999.00
-9999.00
-9999.00
-9999.00
-9999.00
-9999.00
-9999.00
-9999.00
-9999.00
-9999.00
-9999.00
-9999.00
-9999.00
-9999.00
-9999.00
-9999.00
-9999.00
-9999.00
-9999.00
-9999.00
-9999.00
-9999.00
-9999.00
-9999.00
-9999.00
-9999.00
-9999.00
-9999.00
-9999.00
-9999.00
-9999.00
-9999.00
-9999.00
-9999.00
-9999.00
-9999.00
-9999.00
-9999.00
-9999.00
-9999.00
-9999.00
-9999.00
-9999.00
-9999.00
-9999.00
-9999.00
-9999.00
-9999.00
-9999.00
-9999.00
-9999.00
-9999.00
-9999.00
-9999.00
-9999.00
-9999.00
-9999.00
-9999.00
-9999.00
-9999.00
-9999.00
-9999.00
-9999.00
-9999.00
-9999.00
-9999.00
-9999.00
-9999.00
-9999.00
-9999.00
-9999.00
-9999.00
-9999.00
-9999.00
-9999.00
-9999.00
-9999.00
-9999.00
-9999.00
-9999.00
-9999.00
-9999.00
-9999.00
-9999.00
-9999.00
-9999.00
-9999.00
-9999.00
-9999.00
-9999.00
-9999.00
-9999.00
-9999.00
-9999.00
-9999.00
-9999.00
-9999.00
-9999.00
-9999.00
-9999.00
-9999.00
-9999.00
-9999.00
-9999.00
-9999.00
-9999.00
-9999.00
-9999.00
-9999.00
-9999.00
-9999.00
-9999.00
-9999.00
-9999.00
-9999.00
-9999.00
-9999.00
-9999.00
-9999.00
-9999.00
-9999.00
-9999.00
-9999.00
-9999.00
-9999.00
-9999.00
-9999.00
-9999.00
-9999.00
-9999.00
-9999.00
-9999.00
-9999.00
-9999.00
-9999.00
-9999.00
-9999.00
-9999.00
-9999.00
-9999.00
-9999.00
-9999.00
-9999.00
-9999.00
-9999.00
-9999.00
-9999.00
-9999.00
-9999.00
-9999.00
-9999.00
-9999.00
-9999.00
-9999.00
-9999.00
-9999.00
-9999.00
-9999.00
-9999.00
-9999.00
-9999.00
-9999.00
-9999.00
-9999.00
-9999.00
-9999.00
-9999.00
-9999.00
-9999.00
-9999.00
-9999.00
-9999.00
-9999.00
-9999.00
-9999.00
-9999.00
-9999.00
-9999.00
-9999.00
-9999.00
-9999.00
-9999.00
-9999.00
-9999.00
-9999.00
-9999.00
-9999.00
-9999.00
-9999.00
-9999.00
-9999.00
-9999.00
-9999.00
-9999.00
-9999.00
-9999.00
-9999.00
-9999.00
-9999.00
-9999.00
-9999.00
-9999.00
-9999.00
-9999.00
-9999.00
-9999.00
-9999.00
-9999.00
-9999.00
-9999.00
-9999.00
-9999.00
-9999.00
-9999.00
-9999.00
-9999.00
-9999.00
-9999.00
-9999.00
-9999.00
-9999.00
-9999.00
-9999.00
-9999.00
-9999.00
-9999.00
-9999.00
-9999.00
-9999.00
-9999.00
-9999.00
-9999.00
-9999.00
-9999.00
-9999.00
-9999.00
-9999.00
-9999.00
-9999.00
-9999.00
-9999.00
-9999.00
-9999.00
-9999.00
-9999.00
-9999.00
-9999.00
-9999.00
-9999.00
-9999.00
-9999.00
-9999.00
-9999.00
-9999.00
-9999.00
-9999.00
-9999.00
-9999.00
-9999.00
-9999.00
-9999.00
-9999.00
-9999.00
-9999.00
-9999.00
-9999.00
-9999.00
-9999.00
-9999.00
-9999.00
-9999.00
-9999.00
-9999.00
-9999.00
-9999.00
-9999.00
-9999.00
-9999.00
-9999.00
-9999.00
-9999.00
-9999.00
-9999.00
-9999.00
-9999.00
-9999.00
-9999.00
-9999.00
-9999.00
-9999.00
-9999.00
-9999.00
-9999.00
-9999.00
-9999.00
-9999.00
-9999.00
-9999.00
-9999.00
-9999.00
-9999.00
-9999.00
-9999.00
-9999.00
-9999.00
-9999.00
-9999.00
-9999.00
-9999.00
-9999.00
-9999.00
-9999.00
-9999.00
-9999.00
-9999.00
-9999.00
-9999.00
-9999.00
-9999.00
-9999.00
-9999.00
-9999.00
-9999.00
-9999.00
-9999.00
-9999.00
-9999.00
-9999.00
-9999.00
-9999.00
-9999.00
-9999.00
-9999.00
-9999.00
-9999.00
-9999.00
-9999.00
-9999.00
-9999.00
-9999.00
-9999.00
-9999.00
-9999.00
-9999.00
-9999.00
-9999.00
-9999.00
-9999.00
-9999.00
-9999.00
-9999.00
-9999.00
-9999.00
-9999.00
-9999.00
-9999.00
-9999.00
-9999.00
-9999.00
-9999.00
-9999.00
-9999.00
-9999.00
-9999.00
-9999.00
-9999.00
-9999.00
-9999.00
-9999.00
-9999.00
-9999.00
-9999.00
-9999.00
-9999.00
-9999.00
-9999.00
-9999.00
-9999.00
-9999.00
-9999.00
-9999.00
-9999.00
-9999.00
-9999.00
-9999.00
-9999.00
-9999.00
-9999.00
-9999.00
-9999.00
-9999.00
-9999.00
-9999.00
-9999.00
-9999.00
-9999.00
-9999.00
-9999.00
-9999.00
-9999.00
-9999.00
-9999.00
-9999.00
-9999.00
-9999.00
-9999.00
-9999.00
-9999.00
-9999.00
-9999.00
-9999.00
-9999.00
-9999.00
-9999.00
-9999.00
-9999.00
-9999.00
-9999.00
-9999.00
-9999.00
-9999.00
-9999.00
-9999.00
-9999.00
-9999.00
-9999.00
-9999.00
-9999.00
-9999.00
-9999.00
-9999.00
-9999.00
-9999.00
-9999.00
-9999.00
-9999.00
-9999.00
-9999.00
-9999.00
-9999.00
-9999.00
-9999.00
-9999.00
-9999.00
-9999.00
-9999.00
-9999.00
-9999.00
-9999.00
-9999.00
-9999.00
-9999.00
-9999.00
-9999.00
-9999.00
-9999.00
-9999.00
-9999.00
-9999.00
-9999.00
-9999.00
-9999.00
-9999.00
-9999.00
-9999.00
-9999.00
-9999.00
-9999.00
-9999.00
-9999.00
-9999.00
-9999.00
-9999.00
-9999.00
-9999.00
-9999.00
-9999.00
-9999.00
-9999.00
-9999.00
-9999.00
-9999.00
-9999.00
-9999.00
-9999.00
-9999.00
-9999.00
-9999.00
-9999.00
-9999.00
-9999.00
-9999.00
-9999.00
-9999.00
-9999.00
-9999.00
-9999.00
-9999.00
-9999.00
-9999.00
-9999.00
-9999.00
-9999.00
-9999.00
-9999.00
-9999.00
-9999.00
-9999.00
-9999.00
-9999.00
-9999.00
-9999.00
-9999.00
-9999.00
-9999.00
-9999.00
-9999.00
-9999.00
-9999.00
-9999.00
-9999.00
-9999.00
-9999.00
-9999.00
-9999.00
-9999.00
-9999.00
-9999.00
-9999.00
-9999.00
-9999.00
-9999.00
-9999.00
-9999.00
-9999.00
-9999.00
-9999.00
-9999.00
-9999.00
-9999.00
-9999.00
-9999.00
-9999.00
-9999.00
-9999.00
-9999.00
-9999.00
-9999.00
-9999.00
-9999.00
-9999.00
-9999.00
-9999.00
-9999.00
-9999.00
-9999.00
-9999.00
-9999.00
-9999.00
-9999.00
-9999.00
-9999.00
-9999.00
-9999.00
-9999.00
-9999.00
-9999.00
-9999.00
-9999.00
-9999.00
-9999.00
-9999.00
-9999.00
-9999.00
-9999.00
-9999.00
-9999.00
-9999.00
-9999.00
-9999.00
-9999.00
-9999.00
-9999.00
-9999.00
-9999.00
-9999.00
-9999.00
-9999.00
-9999.00
-9999.00
-9999.00
-9999.00
-9999.00
-9999.00
-9999.00
-9999.00
-9999.00
-9999.00
-9999.00
-9999.00
-9999.00
-9999.00
-9999.00
-9999.00
-9999.00
-9999.00
0.00
0.00
0.00
0.00
0.00
15.60
3.10
0.00
0.00
0.00
0.00
0.00
0.00
0.00
1.50
1.90
0.00
0.00
0.00
0.00
0.00
0.00
0.00
0.00
0.00
0.00
2.70
0.00
1.40
3.30
3.40
0.00
0.00
0.00
0.00
0.00
6.50
13.50
0.00
2.20
0.40
0.00
0.00
0.00
0.00
0.00
0.00
0.00
0.00
0.00
0.60
3.50
0.00
0.90
1.00
0.00
0.00
0.00
0.00
0.00
0.00
0.00
0.00
0.00
0.00
0.00
0.00
0.00
0.00
0.00
0.00
0.00
0.00
0.00
0.00
6.10
22.20
7.20
0.00
0.00
0.00
0.00
0.00
0.00
0.00
0.00
11.20
22.40
3.20
0.00
0.00
0.00
2.00
2.50
0.30
0.00
0.00
7.10
1.60
2.10
0.00
0.00
0.00
0.00
0.00
0.00
0.00
0.00
0.00
1.20
0.00
0.00
0.00
9.10
8.10
5.20
6.60
0.00
0.00
0.00
0.00
0.00
0.00
0.00
0.00
0.00
0.00
0.00
0.00
0.00
0.00
3.20
7.40
0.90
0.00
0.00
0.00
0.00
0.00
0.00
7.10
14.70
3.10
0.00
0.00
0.00
17.20
22.50
0.00
0.00
0.00
-9999.00
-9999.00
-9999.00
-9999.00
-9999.00
-9999.00
-9999.00
-9999.00
-9999.00
-9999.00
-9999.00
-9999.00
-9999.00
-9999.00
-9999.00
-9999.00
-9999.00
-9999.00
-9999.00
-9999.00
-9999.00
-9999.00
-9999.00
-9999.00
-9999.00
-9999.00
-9999.00
-9999.00
-9999.00
-9999.00
0.00
0.00
0.00
0.00
0.00
0.00
0.00
0.00
0.00
0.00
0.00
0.00
0.00
0.00
0.00
0.00
0.00
0.00
0.00
0.00
0.00
0.00
0.00
0.00
0.00
0.00
0.00
0.00
0.00
0.00
0.00
0.00
0.00
0.00
0.00
0.00
0.00
0.00
0.20
0.70
0.00
0.00
0.00
0.00
0.00
0.00
0.00
0.00
0.50
48.20
27.90
0.00
0.00
0.00
0.00
0.00
0.00
0.00
0.00
0.00
0.00
0.00
0.00
0.00
0.00
12.90
6.50
56.60
22.50
0.00
0.00
0.00
0.00
0.00
0.00
0.00
0.00
0.00
0.00
0.00
0.00
0.00
0.00
0.00
0.00
0.00
0.00
0.00
0.00
0.00
5.30
5.30
0.00
0.00
0.00
0.00
0.00
0.00
0.00
0.00
0.00
0.00
0.00
0.00
10.00
22.70
4.10
0.00
0.00
0.00
0.00
0.00
0.00
0.00
0.00
0.00
0.00
0.00
0.00
0.00
0.00
0.00
0.00
0.00
0.00
0.00
0.00
0.00
0.00
0.00
0.00
0.00
0.00
0.00
0.00
31.60
66.90
6.10
0.00
7.10
0.00
5.10
2.90
2.50
2.40
2.10
0.00
0.00
16.80
0.00
0.00
2.60
1.10
3.10
0.00
2.30
4.40
3.10
12.00
0.40
6.20
0.00
0.00
0.00
0.00
0.00
0.00
0.00
0.00
4.10
17.80
18.50
0.00
0.00
0.00
0.00
0.00
17.50
3.10
2.10
1.60
1.10
1.20
1.30
1.60
3.00
19.10
0.00
0.00
0.00
0.00
0.00
0.00
0.00
0.00
0.00
0.00
0.00
0.00
0.00
0.00
0.00
0.00
0.00
0.00
0.00
0.00
0.00
0.00
0.00
0.00
3.10
0.00
0.00
3.90
-9999.00
-9999.00
-9999.00
-9999.00
-9999.00
-9999.00
-9999.00
-9999.00
-9999.00
-9999.00
-9999.00
-9999.00
-9999.00
-9999.00
-9999.00
-9999.00
-9999.00
-9999.00
-9999.00
-9999.00
-9999.00
-9999.00
-9999.00
-9999.00
-9999.00
-9999.00
-9999.00
-9999.00
0.00
0.00
7.50
4.00
0.00
0.00
0.00
14.50
0.00
0.50
0.00
0.00
0.00
0.00
0.00
0.00
0.00
0.00
0.00
0.00
0.00
0.00
11.50
0.30
0.00
0.00
0.00
0.00
0.00
0.60
8.00
4.50
0.00
0.00
0.00
0.00
0.00
3.00
2.50
3.00
0.30
0.00
0.00
0.50
0.00
0.00
0.00
0.00
0.00
0.00
0.00
0.00
0.00
0.00
0.00
0.00
0.00
9.00
30.00
1.50
2.00
-9999.00
-9999.00
-9999.00
-9999.00
-9999.00
-9999.00
-9999.00
-9999.00
-9999.00
-9999.00
-9999.00
-9999.00
-9999.00
-9999.00
-9999.00
-9999.00
-9999.00
-9999.00
-9999.00
-9999.00
-9999.00
-9999.00
-9999.00
-9999.00
-9999.00
-9999.00
-9999.00
-9999.00
-9999.00
-9999.00
-9999.00
-9999.00
-9999.00
-9999.00
-9999.00
-9999.00
-9999.00
-9999.00
-9999.00
-9999.00
-9999.00
-9999.00
-9999.00
-9999.00
-9999.00
-9999.00
-9999.00
-9999.00
-9999.00
-9999.00
-9999.00
-9999.00
-9999.00
-9999.00
-9999.00
-9999.00
-9999.00
-9999.00
-9999.00
-9999.00
-9999.00
0.00
0.00
0.00
0.00
0.00
0.00
0.00
0.00
0.00
0.00
0.00
0.00
0.00
0.00
0.00
0.00
0.00
0.00
0.00
0.00
0.00
0.00
0.00
0.00
0.00
0.00
0.00
11.00
0.00
0.00
0.00