1 1 1989
112 
0.0
0.0
0.0
0.0
0.0
21.3
0.0
0.0
0.0
3.6
0.0
0.0
0.0
0.0
0.1
0.6
0.0
5.5
7.6
0.0
0.0
0.0
0.0
0.0
0.0
0.0
0.0
2.2
0.0
0.0
0.0
0.0
0.0
1.0
0.0
0.5
0.1
1.9
2.0
2.8
0.5
0.0
0.0
0.0
0.0
0.0
0.0
0.0
0.0
0.0
2.6
3.4
0.0
1.8
19.2
14.7
0.3
2.6
0.0
0.0
0.0
0.0
0.0
0.0
0.0
0.0
0.0
0.0
0.0
0.0
0.0
0.0
0.4
0.0
0.0
11.8
10.1
0.0
0.0
0.0
0.0
0.0
0.0
0.0
0.0
8.2
1.7
0.2
5.6
0.0
0.0
0.1
7.5
0.2
0.0
9.5
0.0
0.0
1.6
0.0
0.0
0.6
0.0
0.0
0.0
0.0
0.0
0.0
0.0
0.3
0.0
0.0
0.0
21.7
40.2
1.0
0.0
0.0
0.0
0.0
0.0
0.0
0.0
0.0
0.0
0.0
0.0
0.0
0.0
0.0
0.0
0.0
2.1
10.6
0.0
0.0
0.0
0.0
0.0
2.5
3.9
19.1
2.6
0.0
0.0
0.9
18.5
0.0
12.2
0.1
0.0
0.0
0.2
4.7
11.5
0.0
0.0
0.0
0.0
0.0
0.0
0.0
0.0
1.5
0.0
0.0
0.0
0.0
0.0
0.0
11.7
0.0
0.0
0.0
0.0
0.0
0.0
0.0
0.0
0.0
0.4
0.0
0.0
0.0
0.0
0.0
0.0
0.0
0.0
0.0
0.0
0.0
0.0
0.0
0.0
0.0
0.0
0.0
0.0
0.0
0.0
0.0
0.0
0.0
0.0
0.0
0.0
0.0
0.0
0.0
0.0
0.0
0.0
0.0
0.0
0.0
0.0
0.0
0.0
0.0
1.7
0.0
0.0
0.0
0.0
0.0
0.0
0.0
0.0
0.0
0.0
0.0
0.0
0.0
0.0
0.0
0.0
0.0
0.0
0.0
0.0
0.0
0.0
0.0
0.0
0.0
0.0
0.0
78.0
0.0
0.0
0.0
0.0
0.0
0.0
0.0
0.0
0.0
0.0
9.3
0.0
0.0
0.0
0.0
0.0
0.0
0.0
0.0
0.0
0.0
0.0
0.0
4.5
0.0
0.0
0.0
0.0
0.0
0.0
0.0
0.0
0.0
0.0
0.0
0.0
37.4
16.3
8.7
0.0
0.0
0.0
0.0
0.0
0.0
0.0
0.0
0.0
0.0
0.0
1.1
0.0
0.0
0.0
0.0
0.0
0.0
0.0
0.0
0.0
0.0
0.0
0.0
0.0
0.0
0.5
0.0
3.2
3.4
9.2
0.0
29.6
1.7
25.0
36.8
26.1
11.6
6.6
0.3
0.0
60.9
0.0
0.0
12.8
6.6
0.0
0.0
3.8
6.8
1.3
4.0
0.5
21.5
1.6
0.0
0.8
6.8
0.0
0.0
0.0
7.6
22.7
30.6
0.0
0.0
1.9
0.0
0.0
0.0
21.3
11.9
15.9
0.0
0.0
3.9
0.0
7.2
16.3
3.0
0.0
1.0
0.0
0.0
0.0
0.2
0.0
2.5
0.0
0.0
0.0
1.5
0.0
0.2
0.0
0.0
0.0
0.0
0.0
0.0
0.0
0.0
0.0
0.0
17.5
2.4
0.0
4.6
-9999.0
-9999.0
-9999.0
-9999.0
-9999.0
-9999.0
-9999.0
-9999.0
-9999.0
-9999.0
-9999.0
-9999.0
-9999.0
-9999.0
-9999.0
-9999.0
-9999.0
-9999.0
-9999.0
-9999.0
-9999.0
-9999.0
-9999.0
-9999.0
-9999.0
-9999.0
-9999.0
-9999.0
0.0
0.0
5.2
0.0
0.0
0.0
0.0
0.0
0.0
0.0
0.0
0.4
0.0
0.0
0.0
0.0
0.0
0.0
0.0
0.0
0.0
0.0
7.3
0.1
0.0
0.0
0.0
0.0
0.0
0.0
16.3
13.4
0.0
0.0
0.0
6.6
7.9
6.1
11.4
6.2
0.2
0.0
0.0
2.9
0.0
0.0
0.0
0.0
0.0
0.0
0.0
0.0
0.3
0.2
0.4
1.0
0.8
9.4
26.7
13.9
0.0
-9999.0
-9999.0
-9999.0
-9999.0
-9999.0
-9999.0
-9999.0
-9999.0
-9999.0
-9999.0
-9999.0
-9999.0
-9999.0
-9999.0
-9999.0
-9999.0
-9999.0
-9999.0
-9999.0
-9999.0
-9999.0
-9999.0
-9999.0
-9999.0
-9999.0
-9999.0
-9999.0
-9999.0
-9999.0
-9999.0
-9999.0
0.0
0.0
0.0
0.0
0.0
0.0
0.0
0.0
0.0
0.0
1.5
0.0
0.0
0.0
0.0
0.0
0.0
0.0
0.0
0.0
0.0
0.0
0.0
0.0
0.0
0.0
0.0
0.0
0.0
0.0
0.0
0.0
0.0
0.0
0.0
0.0
0.0
0.0
0.0
0.0
0.0
0.0
0.0
0.0
0.0
0.0
0.0
0.0
0.0
0.0
0.0
0.0
0.0
0.0
0.0
0.0
1.6
9.1
0.0
0.0
0.0
0.0
0.0
0.0
0.0
5.0
0.0
0.0
0.0
0.0
0.0
0.0
0.0
0.0
0.0
0.0
0.0
0.0
0.0
3.6
0.1
0.0
0.0
0.0
0.0
0.0
0.0
0.0
0.6
0.0
0.0
0.0
0.0
0.0
0.0
0.0
0.0
0.0
0.0
0.3
0.0
0.0
0.0
0.0
0.0
0.0
0.1
0.3
8.4
1.2
7.0
0.0
0.0
0.0
0.0
10.2
1.5
0.0
0.0
0.0
1.6
0.0
54.2
0.0
0.0
0.0
0.0
0.0
0.0
0.0
0.0
0.0
0.0
0.6
0.0
9.6
5.0
6.6
0.0
12.4
0.0
0.2
26.3
0.7
0.0
0.7
0.0
1.0
0.0
0.0
0.0
0.0
1.1
-9999.0
-9999.0
-9999.0
-9999.0
-9999.0
-9999.0
-9999.0
-9999.0
-9999.0
-9999.0
-9999.0
-9999.0
-9999.0
-9999.0
-9999.0
-9999.0
-9999.0
-9999.0
-9999.0
-9999.0
-9999.0
-9999.0
-9999.0
-9999.0
-9999.0
-9999.0
-9999.0
-9999.0
-9999.0
-9999.0
-9999.0
-9999.0
-9999.0
-9999.0
-9999.0
-9999.0
-9999.0
-9999.0
-9999.0
-9999.0
-9999.0
-9999.0
-9999.0
-9999.0
-9999.0
-9999.0
-9999.0
-9999.0
-9999.0
-9999.0
-9999.0
-9999.0
-9999.0
-9999.0
-9999.0
-9999.0
-9999.0
-9999.0
-9999.0
-9999.0
-9999.0
0.0
0.0
0.0
0.0
0.0
0.0
0.0
0.0
0.0
0.0
0.0
0.4
0.0
0.0
0.0
0.0
0.0
0.0
0.0
0.0
16.7
0.0
0.0
0.0
0.0
0.0
0.0
0.0
0.3
1.3
0.0
19.2
0.0
0.0
0.0
0.0
2.2
0.5
0.0
0.0
0.0
0.5
0.0
5.6
0.7
0.0
2.2
3.2
3.2
8.5
5.4
0.3
0.0
0.0
0.0
3.6
0.0
0.0
11.2
-9999.0
-9999.0
-9999.0
-9999.0
-9999.0
-9999.0
-9999.0
-9999.0
-9999.0
-9999.0
-9999.0
-9999.0
-9999.0
-9999.0
-9999.0
-9999.0
-9999.0
-9999.0
-9999.0
-9999.0
-9999.0
-9999.0
-9999.0
-9999.0
-9999.0
-9999.0
-9999.0
-9999.0
-9999.0
-9999.0
-9999.0
0.0
0.0
3.1
6.0
0.0
0.0
0.0
0.0
0.0
0.0
0.0
0.0
0.0
17.8
0.0
0.6
2.6
0.0
0.0
3.0
0.0
3.0
0.0
1.8
0.0
0.0
0.0
0.0
0.0
0.0
0.0
0.0
0.9
0.0
0.0
0.0
0.0
0.0
0.0
0.0
1.3
0.0
0.0
0.0
0.0
0.0
0.0
0.0
0.0
0.0
0.0
0.0
0.0
0.0
0.0
0.0
0.0
0.0
0.0
0.0
1.1
0.6
8.5
6.0
0.0
0.0
0.0
0.0
0.0
0.0
0.0
0.0
0.0
0.0
0.0
0.4
0.0
0.0
0.5
0.0
0.0
0.0
0.0
0.0
0.0
0.0
0.0
0.0
0.0
0.0
0.0
0.2
0.0
0.0
0.7
0.0
0.0
0.0
0.0
0.0
0.0
0.0
0.0
0.0
0.0
0.0
0.0
0.0
0.0
0.0
0.0
0.0
0.0
0.0
0.0
0.0
0.0
0.0
0.0
0.0
0.0
0.0
0.0
0.0
0.0
0.0
0.0
0.0
0.0
0.0
0.0
0.0
0.0
0.0
0.0
0.0
0.0
0.0
0.0
0.0
0.0
0.0
0.0
0.0
0.0
0.0
0.0
0.0
0.0
0.9
0.0
0.0
0.0
0.0
0.1
0.0
0.0
0.0
0.0
0.0
0.0
0.0
0.0
0.0
0.0
0.0
0.0
0.0
0.0
0.0
0.0
0.0
1.7
0.0
0.0
0.0
21.2
0.3
0.0
0.0
40.0
0.3
0.0
0.0
0.0
0.0
0.0
0.0
0.0
0.0
0.0
0.0
0.0
0.0
0.0
0.0
0.0
0.0
0.0
0.0
0.0
0.0
0.0
0.0
0.0
0.0
0.0
0.0
0.0
0.0
0.0
0.0
0.0
0.0
0.0
0.0
0.0
0.0
0.0
0.0
0.0
0.0
0.0
0.0
0.0
0.0
0.0
0.0
12.7
0.0
0.0
0.0
1.2
0.0
0.0
0.0
0.0
0.0
0.0
0.0
0.0
1.5
4.3
7.6
0.7
0.0
0.1
0.0
0.6
0.0
1.6
19.8
2.8
0.0
0.0
0.0
0.0
9.5
1.0
0.0
0.0
0.0
0.0
0.0
0.0
0.0
0.0
0.0
0.0
0.0
0.0
0.0
0.0
0.0
0.0
0.0
0.0
0.0
0.0
0.0
0.0
0.0
0.0
0.0
0.0
0.0
0.0
0.0
0.0
0.0
0.0
0.0
0.0
0.0
0.0
0.0
0.0
0.0
0.0
0.0
0.0
0.3
38.0
0.0
0.0
0.0
0.0
0.0
0.0
0.0
0.0
0.0
0.0
0.0
0.0
0.0
0.0
0.0
1.5
0.0
0.0
0.0
6.6
7.1
13.8
9.7
2.1
0.4
1.2
0.5
0.0
0.0
0.0
0.0
0.0
11.5
0.0
0.0
0.6
0.0
5.9
0.0
0.0
0.9
0.0
0.0
0.0
0.0
0.0
0.0
0.0
0.0
0.0
0.0
0.0
0.0
0.0
0.0
0.4
0.0
2.3
0.4
0.0
0.0
25.0
0.0
0.0
2.3
15.8
12.7
0.0
13.4
0.9
11.0
0.0
0.0
0.0
0.0
0.0
0.0
0.0
0.0
0.0
0.0
0.0
0.0
0.0
0.0
0.0
0.0
0.0
0.0
0.0
0.0
0.2
0.0
0.0
0.0
0.0
0.0
0.0
0.0
0.8
3.7
0.0
0.0
0.0
0.0
0.0
0.0
0.7
0.0
0.0
0.0
0.0
0.0
1.4
0.0
0.0
0.2
0.0
0.0
0.0
0.0
0.0
0.0
0.0
0.0
0.2
1.2
0.0
0.0
0.0
0.0
0.0
0.0
0.0
0.0
4.2
7.9
11.8
5.2
0.0
12.3
0.3
0.0
0.0
45.7
17.7
0.0
0.0
0.0
0.0
0.0
0.0
0.0
0.0
0.0
0.0
0.0
0.0
0.0
0.4
0.0
0.0
0.0
0.0
0.0
0.0
0.0
0.0
0.0
3.5
0.0
0.0
0.0
0.0
0.0
0.0
0.0
0.0
0.0
0.0
0.8
0.0
0.0
0.3
0.0
0.0
0.0
0.0
0.0
0.0
0.0
0.0
0.0
0.0
0.0
0.0
0.0
0.0
0.0
0.0
0.0
0.0
0.0
0.0
0.0
0.0
0.0
0.0
0.0
0.0
0.0
0.0
0.0
0.0
0.0
0.0
0.0
0.0
0.0
0.0
0.0
0.0
0.0
0.0
0.0
0.0
0.0
0.0
0.0
0.0
0.0
0.6
0.0
0.0
0.0
0.0
0.0
0.0
0.0
0.0
0.7
11.0
0.0
0.0
0.7
0.0
0.0
0.0
0.0
0.0
0.0
0.0
0.0
0.8
6.0
2.1
6.4
0.0
0.0
0.0
0.0
44.6
0.0
20.8
20.3
0.4
0.0
0.0
0.0
0.0
0.0
0.0
0.0
0.0
1.7
0.0
0.0
0.0
0.0
0.0
0.0
0.0
0.0
10.5
11.8
0.0
0.0
0.0
0.0
0.0
0.0
9.2
0.0
0.0
0.0
0.0
0.0
0.0
0.0
0.0
0.0
0.0
0.0
0.0
0.0
0.0
0.0
0.0
0.0
0.2
4.7
2.8
0.0
4.6
0.0
0.0
1.6
0.0
0.0
0.0
10.2
0.0
0.0
0.0
0.0
0.0
0.0
0.2
0.0
0.0
0.0
0.0
1.7
1.5
0.0
0.0
0.0
0.0
0.0
0.0
0.0
0.0
0.0
0.0
0.0
0.0
0.0
0.0
0.0
0.0
0.0
0.0
0.0
0.0
0.0
0.0
0.0
0.0
0.0
0.0
0.0
0.0
0.0
0.0
0.0
0.0
0.0
0.9
0.0
4.8
8.7
0.3
1.2
0.0
0.0
0.0
0.0
0.0
0.0
2.1
0.7
0.0
0.0
0.0
1.3
0.0
0.0
0.0
0.0
0.0
1.0
0.0
0.0
0.6
0.0
4.5
0.0
0.0
0.0
0.0
0.0
0.0
1.0
1.5
0.7
2.5
0.0
0.0
0.5
24.4
3.2
0.0
0.0
0.0
0.0
0.0
0.0
0.0
0.0
0.0
3.4
21.1
0.0
0.0
0.0
0.0
0.0
0.0
0.0
0.0
0.0
0.0
0.0
0.0
0.0
0.0
0.0
0.0
0.0
0.0
0.0
7.2
1.3
0.0
0.0
0.0
0.0
0.0
3.6
0.0
0.0
7.4
8.8
0.4
0.0
16.8
2.4
2.6
1.0
0.0
1.5
8.0
2.8
6.9
0.0
1.6
1.1
10.3
3.5
11.4
0.3
0.0
0.0
0.0
0.0
0.0
0.0
0.0
0.0
0.0
2.7
0.0
0.0
0.0
0.0
0.0
0.0
0.0
0.0
0.0
0.0
0.0
0.0
0.0
0.0
0.0
0.0
0.0
0.0
0.0
0.0
0.0
0.0
0.0
0.0
0.0
0.0
0.0
0.0
0.0
0.0
0.0
0.0
0.0
0.0
0.0
0.0
0.0
0.0
0.0
0.0
0.0
0.0
0.0
0.0
0.0
0.0
0.0
0.0
0.0
0.0
0.0
0.0
0.0
0.0
0.0
0.0
0.0
0.0
0.0
0.0
0.0
0.0
0.0
0.0
0.0
0.0
0.0
0.0
0.0
0.0
0.0
0.0
0.0
0.0
0.0
0.0
0.0
0.0
0.0
0.0
0.0
0.0
0.0
0.0
0.0
0.0
0.0
0.0
0.0
0.0
0.0
0.0
0.0
0.0
0.0
0.0
0.0
0.0
0.0
0.0
0.0
0.0
0.0
0.0
0.0
0.0
0.0
0.0
0.0
0.0
0.0
0.0
0.0
0.0
0.0
0.0
0.4
2.9
0.0
0.0
0.0
0.0
0.0
0.0
0.0
0.0
0.0
0.0
0.0
0.0
1.2
0.0
0.0
0.0
0.7
0.0
10.7
0.0
0.8
2.8
10.8
6.4
2.7
0.0
0.0
3.7
0.0
0.0
0.0
0.0
0.0
0.0
0.0
0.0
0.0
19.4
0.2
0.0
6.8
27.8
5.4
21.5
11.2
26.5
0.0
0.0
6.4
0.0
2.5
1.6
0.0
7.1
0.0
0.0
0.0
0.0
0.0
0.0
0.0
0.0
0.0
0.0
0.0
0.0
0.0
1.4
0.0
2.0
0.0
0.0
0.0
0.0
0.0
0.0
0.0
0.0
0.0
0.0
0.0
0.0
0.0
0.0
0.0
0.0
2.3
0.0
0.0
0.0
0.0
0.0
0.0
0.0
0.0
0.0
0.0
0.0
0.0
0.5
0.0
0.0
0.0
0.0
0.0
0.0
0.0
4.5
0.0
27.1
0.0
0.0
3.5
10.1
0.0
0.0
0.0
0.0
0.0
0.0
0.0
0.0
0.0
0.0
0.1
0.1
0.1
0.1
0.1
0.0
0.0
0.0
0.1
0.1
0.1
0.0
0.0
2.5
0.0
2.7
0.0
0.4
1.6
0.0
0.0
0.0
0.0
0.0
0.1
13.4
6.4
3.3
0.0
0.0
0.0
0.0
0.0
0.0
0.0
0.0
1.1
3.1
22.1
9.7
0.0
0.0
0.0
0.5
0.0
0.0
0.0
0.0
0.0
0.0
0.0
0.0
0.0
0.0
0.0
0.0
0.0
0.0
0.0
0.0
4.3
0.0
0.0
0.0
0.0
0.0
0.0
0.0
0.0
0.0
0.0
0.0
0.0
0.0
0.0
0.0
0.0
0.0
0.0
0.0
0.0
0.0
0.0
13.8
9.7
0.3
0.0
0.0
1.9
0.2
0.0
0.7
5.0
4.1
0.0
0.0
0.0
0.0
0.0
0.0
0.0
0.0
0.0
0.0
0.0
2.0
0.0
0.0
0.0
0.0
0.0
0.0
9.2
0.0
3.2
0.0
20.7
0.0
0.0
0.0
0.0
0.0
0.7
0.0
0.0
0.2
0.0
0.0
0.0
0.0
0.0
0.0
0.0
0.0
0.0
0.0
0.0
0.0
0.0
0.0
0.0
0.0
0.0
0.0
0.0
0.2
0.0
0.0
0.0
0.0
0.0
0.0
0.0
0.0
0.0
0.0
0.0
0.0
0.0
0.0
0.0
0.0
0.0
0.0
0.0
0.0
0.0
0.0
0.0
0.0
0.0
0.0
0.0
0.0
0.8
0.7
0.0
0.0
0.0
0.0
0.0
0.0
0.0
0.0
0.0
0.0
0.0
0.0
0.0
0.0
0.0
0.0
0.0
0.0
0.0
0.0
0.0
0.0
0.0
0.0
0.0
0.0
0.0
0.0
0.0
0.0
0.0
0.0
0.0
0.0
0.4
0.4
0.0
0.0
0.0
0.0
0.0
0.0
0.0
0.0
0.0
0.0
0.0
0.0
0.0
0.0
0.0
0.0
0.0
0.0
0.0
0.0
0.0
0.0
0.0
0.0
0.0
0.0
0.0
0.0
0.0
0.0
0.0
0.0
6.8
2.5
0.0
0.0
0.0
0.0
0.0
10.8
0.0
0.0
0.0
0.0
0.0
0.2
2.0
1.3
8.2
2.0
1.7
0.0
0.0
0.0
0.0
0.0
3.8
0.0
0.7
5.5
0.0
0.0
6.8
0.5
0.0
0.0
0.8
0.7
2.5
0.0
0.0
0.0
0.0
0.0
18.2
2.9
0.5
0.0
0.0
0.0
2.8
0.0
0.0
0.0
0.0
0.0
0.0
0.0
0.0
0.0
0.0
0.0
0.0
0.0
0.0
0.0
0.0
0.0
0.0
0.0
0.0
0.0
0.0
0.0
0.0
0.0
0.0
0.0
1.0
0.0
0.0
0.0
0.0
0.0
0.0
0.0
0.0
0.0
0.0
0.0
0.0
0.0
0.0
0.0
0.0
0.0
0.0
0.0
0.0
0.0
0.0
0.0
0.0
10.0
0.0
0.0
0.0
0.0
0.0
0.0
0.0
0.0
0.0
0.0
0.0
0.0
0.0
0.0
0.0
7.5
3.6
0.0
0.7
0.0
0.0
0.0
0.0
0.0
0.1
0.0
0.0
0.0
1.0
0.0
0.0
0.0
0.0
0.0
0.0
0.0
0.0
0.0
0.0
0.1
0.0
0.0
2.0
0.0
0.0
0.0
0.0
0.0
0.0
0.0
0.0
0.0
0.0
0.0
0.0
0.4
0.0
0.3
3.7
0.0
2.5
0.1
5.6
2.3
0.0
0.0
0.2
0.0
9.4
0.0
9.8
0.1
0.0
5.6
0.0
0.0
0.0
0.0
0.0
0.0
0.0
0.0
0.0
0.0
0.0
0.0
0.0
0.0
0.0
0.0
0.0
0.0
0.0
0.5
0.0
0.0
0.0
0.0
0.3
0.2
0.0
0.0
2.1
0.0
0.0
0.0
0.0
0.0
0.0
0.0
0.3
1.8
1.2
0.0
0.0
2.5
5.4
0.0
0.0
0.0
0.0
0.0
0.0
0.0
0.9
0.7
0.0
0.0
0.0
0.0
0.0
0.0
0.0
0.0
0.0
0.0
0.0
0.0
0.0
0.0
0.0
0.0
0.0
0.0
0.0
0.0
0.0
0.0
0.0
0.0
0.0
0.0
0.0
0.0
0.0
0.0
0.0
1.0
0.0
0.0
0.0
0.0
0.0
0.0
0.0
0.0
0.0
0.0
0.0
0.0
0.0
0.0
0.0
0.0
0.0
0.0
0.0
0.0
0.0
0.0
0.0
0.0
0.0
0.0
0.0
0.0
0.0
0.0
0.0
0.0
0.0
0.0
0.0
0.0
0.0
0.0
0.0
0.0
0.0
0.0
0.0
0.0
0.0
0.0
0.0
0.0
0.0
0.0
0.0
0.0
0.0
0.0
0.0
0.0
0.0
0.0
0.0
0.0
0.4
0.0
0.0
0.0
0.0
0.0
0.0
0.0
0.0
0.0
0.0
0.0
0.0
0.0
0.0
5.8
0.0
0.0
0.0
0.0
0.0
0.0
0.0
0.0
0.0
0.0
3.8
0.0
0.7
0.0
0.0
0.0
0.0
0.0
0.0
0.0
0.0
0.0
0.0
0.0
0.0
0.0
0.0
0.0
0.0
0.0
1.6
0.0
0.0
0.0
0.0
0.0
0.0
0.0
0.0
4.4
0.0
0.0
0.0
0.0
0.0
0.0
0.0
0.0
14.6
21.5
0.0
0.0
0.0
0.0
0.0
0.0
0.0
0.0
0.0
0.0
0.0
0.0
0.0
0.0
0.2
0.3
0.0
0.0
0.0
0.0
0.0
0.0
0.0
0.0
0.0
0.0
0.0
5.0
7.7
42.5
7.0
0.0
0.0
0.0
0.0
0.0
0.0
0.0
0.0
0.0
0.0
0.0
0.0
11.2
0.0
0.0
0.0
4.8
0.3
0.0
0.0
0.0
0.0
0.0
1.5
15.8
3.7
22.9
0.0
0.0
0.0
0.0
10.3
24.4
4.5
0.0
0.9
8.2
0.0
0.0
1.5
1.8
11.8
9.5
11.0
8.5
0.0
23.7
13.0
4.2
0.4
4.8
0.7
6.7
9.8
23.4
0.0
15.4
26.2
15.4
5.1
3.5
0.0
0.0
0.0
0.0
2.5
2.4
2.7
0.4
55.0
25.6
24.9
5.8
0.0
3.9
24.7
19.7
8.8
0.0
24.8
4.4
0.0
0.0
0.0
32.0
22.5
0.3
0.0
0.0
0.0
0.0
0.0
0.0
7.8
10.6
0.0
0.0
0.0
0.3
0.6
0.0
0.0
0.0
0.0
3.1
0.3
0.0
0.0
0.0
2.8
0.0
0.0
0.0
0.0
0.0
3.5
12.7
2.7
0.0
1.0
0.6
10.2
3.6
0.0
0.0
0.0
0.0
1.2
0.0
0.0
0.0
0.0
0.0
7.5
0.0
0.0
0.0
0.0
0.0
0.0
11.9
1.3
0.0
0.0
1.8
0.0
0.0
1.3
0.0
0.0
0.0
0.0
0.0
0.0
0.0
0.0
0.0
0.0
0.0
0.0
0.0
1.1
0.0
0.6
0.0
0.0
5.3
3.2
2.8
0.0
1.6
5.9
38.3
0.0
1.2
12.7
18.6
4.5
1.7
2.2
2.1
1.2
0.0
2.0
0.0
0.1
0.0
0.4
0.0
0.0
0.0
0.0
0.0
0.0
0.0
0.0
0.0
0.0
0.0
0.0
0.0
0.0
0.0
0.0
0.0
0.0
0.0
0.0
0.0
0.0
0.0
0.0
0.0
0.0
0.0
0.0
2.0
0.0
0.0
0.0
0.0
0.0
0.0
0.0
1.3
0.0
0.0
0.0
0.0
0.0
0.0
10.2
0.0
0.0
0.0
0.0
0.0
0.0
0.0
0.0
0.0
0.0
0.0
2.3
3.7
0.0
0.0
1.3
0.0
0.0
0.0
0.0
0.0
0.0
0.0
0.0
0.0
0.0
0.0
0.0
0.0
0.0
0.0
0.0
0.0
0.0
0.0
0.0
0.0
0.0
0.0
0.0
0.0
0.0
0.0
0.4
3.8
0.0
0.0
0.0
0.0
0.0
0.0
0.0
0.0
0.0
0.1
0.0
0.0
0.0
0.0
4.0
1.1
0.0
0.0
0.0
0.0
0.2
0.0
3.4
0.0
4.3
6.4
39.2
20.0
0.0
0.0
0.0
0.3
0.0
2.3
0.0
0.4
0.1
0.0
0.0
0.0
0.0
0.0
0.0
0.0
0.0
0.0
0.0
0.0
0.0
0.0
0.0
0.0
0.0
0.0
0.0
0.0
0.0
31.5
0.0
15.6
0.0
0.0
0.0
0.0
0.0
0.0
0.0
0.0
0.0
0.0
0.0
0.0
0.0
0.0
0.0
0.5
0.0
0.0
0.0
0.0
0.0
0.0
0.0
0.0
0.0
0.0
1.9
88.0
33.4
8.5
6.6
10.6
8.4
0.0
0.0
4.1
2.4
0.0
0.0
0.0
0.0
0.0
0.0
0.0
0.0
0.0
0.0
-9999.0
-9999.0
-9999.0
-9999.0
-9999.0
-9999.0
-9999.0
-9999.0
-9999.0
-9999.0
-9999.0
-9999.0
-9999.0
-9999.0
-9999.0
0.0
9.3
41.7
18.9
46.5
10.8
9.0
12.9
18.0
2.0
0.1
0.0
12.6
28.9
7.5
7.4
12.2
-9999.0
-9999.0
-9999.0
-9999.0
-9999.0
-9999.0
-9999.0
-9999.0
-9999.0
-9999.0
-9999.0
-9999.0
-9999.0
-9999.0
-9999.0
-9999.0
-9999.0
-9999.0
-9999.0
-9999.0
-9999.0
0.0
0.0
0.0
0.0
0.0
0.9
0.0
0.0
0.0
0.0
0.0
0.0
0.0
0.0
0.0
0.0
0.0
0.0
0.0
0.0
0.0
0.0
0.0
0.0
0.0
0.0
0.0
0.0
0.0
0.0
0.0
0.0
0.0
0.0
0.0
0.0
0.0
0.0
0.0
0.0
0.0
0.0
0.0
0.0
0.0
0.0
0.0
0.0
0.0
0.0
0.0
0.0
0.0
0.0
0.0
0.0
0.0
0.0
0.0
0.0
0.0
1.2
0.0
0.0
0.0
0.0
0.0
0.0
0.0
0.0
0.0
0.4
0.0
5.1
0.5
0.2
0.0
0.0
0.0
0.0
0.0
2.9
0.0
0.0
0.2
4.8
4.5
33.8
0.0
0.9
0.0
0.7
8.0
0.0
0.0
0.0
0.0
0.0
0.0
0.0
0.0
0.0
0.0
0.0
0.0
0.0
0.0
0.0
0.0
0.0
0.0
10.5
0.0
0.5
0.0
0.0
0.0
0.0
0.0
0.0
0.0
36.5
0.3
0.0
0.0
0.0
0.0
5.5
2.8
0.4
0.0
22.2
12.9
1.9
0.0
0.0
0.0
0.0
0.0
0.0
0.0
0.0
0.0
0.0
0.0
0.0
0.0
0.0
0.0
0.0
0.0
0.0
0.0
0.0
0.0
0.0
0.0
0.0
0.0
0.0
0.0
0.0
0.0
0.0
0.0
0.0
0.0
0.0
0.0
0.0
0.0
0.0
0.0
0.0
0.0
0.0
0.0
0.0
0.0
0.0
0.0
0.0
0.0
0.0
0.0
0.0
0.0
0.0
0.0
0.0
0.0
0.0
0.0
0.0
0.0
0.0
0.0
0.0
0.0
0.0
0.0
0.0
0.0
0.0
0.0
0.0
0.0
0.0
0.0
0.0
0.5
0.0
0.5
0.3
0.0
0.0
0.0
0.0
0.0
0.0
0.1
0.0
0.0
0.0
0.0
0.0
0.0
0.0
0.0
0.0
0.0
0.0
0.0
0.0
0.0
0.0
0.0
0.0
0.0
0.0
1.2
0.0
0.0
0.0
1.8
2.1
12.1
38.5
23.3
26.5
7.6
0.0
0.0
0.0
1.1
6.3
0.0
0.0
0.0
0.0
0.0
0.0
0.0
0.0
0.0
0.0
0.0
0.0
0.0
3.2
19.5
0.0
0.0
0.0
0.0
0.0
0.0
0.0
0.0
2.0
0.0
0.0
0.2
23.6
4.8
0.0
9.4
2.1
6.6
0.0
3.1
0.0
7.7
4.0
13.0
0.0
0.0
0.0
0.0
0.0
1.9
5.9
9.2
0.6
0.0
4.6
23.6
4.5
0.0
0.0
0.0
0.0
0.0
0.0
0.0
15.7
14.0
0.0
0.0
0.0
0.0
0.0
0.0
7.1
0.0
0.0
5.1
21.3
42.0
36.9
5.4
2.4
13.6
8.4
0.0
0.0
0.0
0.9
0.0
0.0
4.9
12.1
2.8
0.0
0.0
0.0
0.0
0.0
0.0
0.0
0.0
0.0
0.0
0.0
10.4
0.0
0.0
0.0
0.0
0.0
0.0
0.0
0.0
0.0
0.0
0.0
0.0
2.1
5.1
0.0
0.7
0.0
14.7
14.2
3.0
41.6
63.7
9.4
0.0
6.5
0.0
7.3
0.6
0.0
1.0
0.4
0.0
0.0
0.0
0.0
0.0
0.0
0.0
0.0
0.0
0.0
0.0
0.0
0.0
0.0
0.0
0.0
0.0
0.0
0.0
0.0
0.0
0.0
0.0
0.0
0.0
0.0
0.0
0.0
0.0
0.0
0.0
0.0
0.0
0.0
0.0
0.0
0.0
0.0
0.0
0.0
0.0
0.0
0.9
13.5
10.1
0.0
0.0
0.0
0.0
0.0
0.0
0.0
0.0
0.0
0.0
4.7
0.7
1.2
0.0
0.0
1.5
1.4
7.7
1.0
0.0
0.0
0.0
0.0
9.1
0.0
0.0
0.0
0.0
0.0
0.0
2.4
0.0
0.0
12.6
12.7
0.0
0.0
0.0
0.0
0.0
0.0
21.9
0.0
0.8
23.2
0.0
0.0
0.0
0.0
0.0
5.1
0.0
0.0
0.0
0.0
2.1
0.0
0.0
0.0
0.0
0.0
0.4
0.0
0.0
0.0
0.0
0.0
37.6
0.0
0.0
0.0
0.0
0.0
0.0
0.0
0.0
0.0
0.0
0.0
0.0
0.0
0.0
0.0
0.0
0.0
0.0
0.0
0.0
0.0
0.0
0.0
0.0
0.0
0.0
0.0
0.0
0.0
0.0
0.0
0.0
0.0
0.0
0.0
0.0
0.0
0.0
0.0
0.0
0.0
0.0
0.0
0.0
0.0
0.0
0.0
0.0
0.0
0.0
0.0
0.0
0.0
0.0
0.0
0.0
0.0
0.0
0.0
0.0
0.0
0.0
0.0
0.0
0.0
0.0
0.0
0.0
0.0
0.0
0.9
0.0
0.6
0.0
0.0
0.0
0.0
0.0
0.0
0.0
0.0
0.0
0.0
0.0
0.0
0.0
0.0
0.0
0.0
0.0
0.0
0.0
0.0
0.0
0.0
0.0
0.0
0.0
0.0
0.0
0.0
0.0
0.0
5.1
1.5
0.0
0.0
2.2
0.0
1.7
0.0
1.7
12.0
8.1
0.0
0.0
0.0
0.0
0.0
0.0
0.0
0.3
0.0
0.0
1.0
0.0
0.0
0.0
0.0
0.0
0.0
0.0
0.0
0.0
0.0
0.0
0.0
0.0
0.0
0.0
0.0
0.0
0.0
0.0
0.0
0.0
0.0
0.0
0.0
0.0
0.0
0.1
0.0
0.8
0.0
0.0
0.0
0.0
0.0
0.0
0.0
0.0
0.0
0.0
0.0
0.0
0.0
0.0
0.0
0.0
0.0
0.0
0.0
0.0
0.0
0.0
0.0
0.0
-9999.0
0.0
0.0
0.0
0.0
0.0
0.0
0.0
0.0
0.0
0.0
0.0
0.0
0.0
0.0
0.0
0.0
0.0
0.0
0.0
0.0
0.0
0.0
0.0
0.0
0.0
0.0
1.7
25.2
-9999.0
0.0
4.5
0.0
0.0
0.0
0.0
0.0
0.0
0.0
1.3
0.0
0.0
1.0
0.0
0.9
0.0
0.2
3.7
0.0
0.0
0.0
2.3
3.8
10.1
0.0
0.0
0.0
0.0
0.0
0.0
0.0
0.0
0.0
0.0
0.0
0.0
0.0
0.0
0.0
0.0
12.0
0.0
0.0
0.0
0.0
0.0
0.0
0.0
0.0
0.0
0.0
0.0
0.0
0.0
0.0
-9999.0
-9999.0
-9999.0
-9999.0
0.0
0.0
0.0
2.7
0.8
0.0
0.0
0.0
0.0
0.0
0.0
8.5
1.2
3.2
0.3
0.0
4.5
0.0
0.0
0.0
0.0
0.0
0.0
-9999.0
-9999.0
-9999.0
-9999.0
-9999.0
0.0
0.0
0.0
0.0
0.0
0.0
0.0
0.0
0.0
0.0
0.0
0.0
0.0
0.0
0.0
0.0
0.0
0.0
0.0
5.2
1.7
0.0
0.0
0.0
0.0
0.0
0.0
0.0
0.0
0.0
0.0
0.8
2.5
0.0
1.4
0.0
0.7
0.0
0.0
0.0
0.0
0.0
0.0
0.0
0.0
0.0
0.0
0.0
0.0
0.0
0.0
1.8
0.0
0.0
0.0
0.0
0.0
0.0
0.0
0.0
0.0
0.0
0.0
0.1
0.2
1.3
0.0
0.0
0.0
0.0
0.0
0.0
1.6
0.0
0.0
0.0
0.0
1.2
0.0
0.0
0.0
0.0
0.0
0.0
0.0
0.0
0.0
0.0
0.0
0.0
0.0
0.0
0.0
0.0
0.0
0.0
0.0
0.0
0.0
0.0
0.0
0.0
0.0
0.0
0.0
0.0
0.0
0.0
0.0
0.0
0.0
0.0
0.0
0.0
0.0
0.0
0.0
0.0
0.0
0.0
0.0
0.0
0.0
0.0
0.0
0.0
0.0
0.0
0.0
0.0
0.0
0.0
0.0
0.0
0.0
0.0
0.0
0.0
0.0
0.0
0.0
0.0
0.0
0.0
0.0
0.0
0.0
0.0
0.0
0.0
0.5
0.0
0.0
0.0
0.0
0.0
0.0
0.8
0.0
0.0
0.0
0.0
0.0
0.0
0.0
0.0
0.0
0.0
0.0
0.0
0.0
0.0
0.0
0.0
0.0
23.0
0.0
0.0
0.0
0.0
0.0
0.6
0.0
0.0
0.0
0.0
0.0
0.0
0.0
0.0
0.0
0.0
0.0
0.0
0.0
0.0
0.3
50.7
5.4
0.0
5.5
0.2
0.4
3.4
0.0
8.2
72.5
0.0
6.2
0.3
29.3
0.0
0.1
0.0
0.0
0.5
0.0
0.0
0.0
0.0
0.0
0.0
0.0
0.0
0.0
0.0
0.0
0.0
35.7
2.6
2.2
0.0
0.0
0.0
0.0
0.0
-9999.0
-9999.0
0.0
0.0
0.0
0.0
0.0
0.0
0.0
0.0
3.1
0.0
0.0
0.0
0.0
2.8
0.0
0.0
0.0
0.0
5.1
0.0
0.0
0.0
0.5
3.0
6.9
1.6
0.0
0.0
0.0
0.0
0.0
0.0
0.0
0.0
0.0
0.0
0.7
8.6
20.2
0.0
0.0
0.0
0.0
0.0
0.0
0.0
0.0
0.0
0.0
0.0
0.0
0.0
0.0
-9999.0
-9999.0
0.0
0.0
0.0
0.0
0.0
0.0
0.0
0.0
0.0
0.0
0.0
0.0
0.0
0.0
0.0
0.0
0.0
0.0
0.0
0.0
0.0
0.0
0.0
0.0
0.0
0.0
0.0
0.0
0.0
0.0
0.0
0.0
0.0
0.0
0.0
0.0
0.0
0.0
0.0
0.0
0.0
0.0
0.0
0.0
0.0
0.0
0.0
0.0
0.0
0.0
0.0
0.0
0.0
0.0
0.0
0.0
0.0
0.0
0.0
0.0
0.0
0.0
0.0
0.0
0.0
0.0
0.0
12.0
0.0
0.0
0.0
0.0
0.0
0.0
0.0
0.0
0.0
1.0
21.0
0.0
0.0
0.0
0.0
0.0
0.0
0.0
2.3
0.0
0.0
2.0
22.5
16.3
17.6
0.0
0.0
0.0
0.0
0.0
0.6
0.0
0.0
0.0
0.0
3.5
3.3
1.9
0.0
6.3
0.0
0.1
19.5
2.8
23.7
18.6
11.9
0.0
0.2
0.0
0.0
0.0
0.0
3.8
0.0
0.0
0.0
0.0
8.4
13.9
0.0
10.1
1.7
6.4
0.0
0.0
0.0
0.0
0.0
0.0
0.0
0.0
0.2
0.1
0.0
0.0
0.0
0.0
0.9
0.0
0.0
0.0
0.0
0.0
0.0
0.0
0.0
0.0
0.0
0.0
0.0
0.0
0.0
0.0
0.0
0.0
0.0
0.0
0.0
0.0
0.0
0.0
0.0
0.0
0.0
0.0
0.0
0.0
0.0
0.0
0.0
0.0
0.0
0.0
0.0
0.0
0.0
0.0
0.0
0.0
0.0
0.0
0.0
0.0
0.0
0.0
0.0
0.0
0.0
0.0
0.0
0.0
0.0
0.0
0.0
0.0
0.0
0.0
0.0
0.0
0.0
0.0
0.0
0.0
0.0
0.0
0.0
0.0
0.0
0.0
0.0
0.0
0.0
0.0
0.0
0.0
0.0
0.0
0.0
0.0
0.0
0.0
0.0
0.0
0.0
0.0
0.0
0.0
0.0
0.0
0.0
0.0
0.0
0.0
0.0
0.0
0.0
0.0
0.0
5.3
0.0
0.0
0.0
0.0
0.0
0.0
0.0
0.0
0.0
5.9
14.7
0.0
0.4
0.0
0.0
0.0
0.0
0.0
0.0
0.0
0.0
0.0
32.5
4.2
1.9
0.0
0.0
0.0
0.0
0.0
0.0
14.3
9.8
7.6
17.0
12.4
2.8
0.0
0.0
0.0
0.0
0.1
0.6
0.0
2.9
0.0
0.0
0.2
8.2
0.6
0.0
0.0
0.0
0.0
0.0
9.8
2.4
2.2
1.6
0.0
0.0
0.0
0.0
0.0
2.4
2.5
12.3
1.9
0.0
0.0
2.5
5.3
0.0
0.9
0.9
0.0
0.0
1.4
2.7
12.2
0.3
0.0
0.0
0.0
0.0
0.0
0.0
0.0
0.0
0.0
0.0
0.0
0.0
7.9
16.4
33.6
13.2
9.1
9.1
9.1
9.1
9.0
9.1
0.0
4.0
0.0
0.0
0.0
1.6
3.1
0.0
0.0
0.9
0.0
11.3
14.8
0.0
0.0
0.0
2.5
0.0
9.0
12.4
0.0
0.0
0.0
0.0
2.7
1.0
10.5
7.4
4.2
16.4
0.0
0.0
0.0
0.0
0.0
0.0
0.0
0.0
2.3
4.2
0.0
0.0
0.0
0.0
0.0
2.3
3.5
8.8
0.0
0.0
0.0
0.0
0.0
0.0
0.1
0.9
0.1
-9999.0
-9999.0
-9999.0
5.2
-9999.0
-9999.0
-9999.0
0.0
0.0
2.7
1.4
0.0
0.0
0.0
0.0
0.0
0.0
0.0
0.0
0.0
0.0
0.0
0.0
0.0
0.0
0.0
0.0
0.0
4.5
0.0
0.0
0.0
0.0
0.0
0.0
0.0
0.0
0.0
0.0
0.0
0.0
0.0
0.0
0.0
0.0
0.0
0.0
0.0
0.0
0.0
0.0
0.0
0.8
4.4
0.0
0.0
0.0
0.0
0.0
0.0
0.0
0.0
0.0
0.2
5.5
1.4
-9999.0
-9999.0
-9999.0
-9999.0
0.0
0.0
0.0
0.0
0.0
0.0
0.0
0.0
0.0
0.0
0.5
8.4
-9999.0
0.0
0.0
0.0
0.0
0.0
0.0
0.0
0.0
0.0
0.0
0.0
0.0
0.0
0.0
0.0
0.0
0.0
0.0
0.0
0.0
0.0
0.0
4.8
0.0
0.0
0.0
0.0
0.0
0.0
0.0
0.0
0.0
0.0
0.0
0.0
0.0
0.0
0.0
0.0
0.0
0.0
0.0
0.0
0.0
0.0
0.0
0.0
0.0
0.0
0.0
0.0
0.0
0.0
0.0
0.0
0.0
0.0
0.0
0.0
0.0
0.0
0.0
0.0
0.0
0.0
0.0
0.0
0.0
0.0
0.0
1.7
0.3
0.0
0.0
0.0
0.0
0.0
0.0
0.0
0.0
0.0
0.0
0.0
0.0
0.0
0.0
0.1
0.0
0.0
0.0
0.0
0.0
0.0
0.0
0.0
0.0
0.0
4.9
0.0
0.0
0.0
0.0
0.0
0.0
0.0
1.0
0.0
0.0
0.0
0.0
0.0
0.0
0.0
0.0
0.0
0.0
0.0
0.0
0.0
0.0
0.0
0.0
8.3
0.8
0.2
47.8
0.0
0.0
0.0
0.0
0.0
5.0
0.5
0.0
0.0
0.0
0.6
0.0
0.0
2.0
0.0
0.0
1.4
24.1
48.8
29.4
0.0
0.0
0.0
0.0
0.0
0.0
15.5
8.0
0.0
0.0
0.0
0.0
0.0
0.0
0.2
0.0
0.0
0.0
0.0
0.0
0.0
0.0
7.0
3.0
0.0
0.0
0.0
21.6
0.0
0.0
0.0
0.0
0.4
0.0
1.1
0.0
0.0
0.0
0.0
5.5
0.4
0.0
0.0
0.0
0.0
0.0
0.0
0.0
0.0
0.0
0.0
0.0
0.0
0.0
0.0
0.0
0.0
0.0
0.4
2.5
2.3
0.1
9.4
7.4
0.1
10.5
0.2
0.3
0.8
0.1
5.8
4.6
5.1
1.0
0.0
0.0
0.0
0.0
0.6
4.8
0.3
0.0
5.2
0.0
0.0
0.0
0.0
0.0
0.0
0.0
0.0
0.0
0.0
0.0
0.0
0.0
0.0
0.0
0.0
0.0
0.0
0.0
2.4
0.0
0.0
0.0
0.0
0.0
0.0
0.0
0.0
0.0
0.0
0.0
0.0
2.8
0.0
0.0
0.0
0.0
0.0
0.0
0.0
0.0
0.0
0.0
0.2
0.0
0.7
0.0
0.0
0.0
0.0
0.0
0.0
0.0
0.0
0.0
0.0
8.4
0.1
52.5
7.6
0.2
0.0
0.9
0.0
0.0
0.0
0.0
0.0
19.8
0.0
28.9
0.0
0.0
0.0
0.0
0.0
0.0
0.0
0.0
0.0
0.0
0.0
0.0
0.0
0.0
0.0
0.0
15.0
0.9
3.2
0.1
2.2
4.2
8.7
1.6
0.6
1.9
-9999.0
-9999.0
0.0
0.0
0.0
0.0
0.0
0.0
0.0
0.0
0.0
0.0
0.0
0.0
0.0
0.0
0.0
0.0
0.0
0.0
0.0
4.0
0.0
0.0
4.7
12.8
2.9
2.8
0.9
0.0
0.0
0.0
0.0
0.0
0.0
0.0
0.0
0.0
0.0
0.0
0.0
0.0
0.0
0.0
0.0
0.0
0.0
0.0
0.0
0.0
0.0
0.0
0.0
0.0
0.0
0.4
0.0
0.0
0.0
0.0
0.0
0.0
1.2
0.0
0.0
0.0
0.0
0.0
0.0
0.0
0.0
0.0
0.0
0.0
0.0
0.0
0.0
0.0
0.0
0.0
7.3
0.0
0.0
0.0
0.0
0.0
0.0
0.0
0.0
0.0
0.0
0.0
0.0
0.0
0.0
0.0
0.0
0.0
0.0
0.0
0.0
0.0
0.0
0.0
0.0
0.0
0.0
0.0
0.0
0.0
0.0
0.0
0.0
0.0
0.0
0.0
0.0
0.0
0.0
0.0
0.0
0.0
0.0
0.0
0.0
0.0
0.0
0.0
0.0
0.0
0.0
0.0
0.0
0.0
0.0
0.0
0.0
0.0
0.0
0.0
0.0
0.0
0.0
0.0
0.0
0.0
0.0
0.0
0.0
3.1
0.0
0.0
0.0
0.4
0.0
0.0
0.0
0.0
16.6
0.0
0.0
0.1
0.0
1.3
0.0
0.2
0.0
0.0
0.0
0.0
0.0
0.0
0.8
7.0
0.0
0.0
0.0
0.0
0.0
0.0
1.3
6.6
1.5
0.0
0.0
0.0
0.0
0.0
0.5
0.0
0.0
0.0
0.9
2.1
0.0
0.0
0.0
0.0
0.0
0.0
0.0
0.0
0.0
0.0
0.0
0.0
0.0
0.0
0.0
0.0
0.0
0.0
0.0
0.0
0.0
0.0
-9999.0
-9999.0
-9999.0
0.0
0.0
0.0
-9999.0
-9999.0
-9999.0
-9999.0
-9999.0
0.0
0.0
0.3
5.4
0.7
0.0
0.0
0.0
0.0
0.0
0.0
0.0
0.0
0.0
0.0
7.0
5.5
0.1
0.0
3.1
0.0
0.0
0.0
12.6
18.4
13.4
0.0
0.0
0.0
0.0
0.3
0.0
9.6
13.4
0.0
0.0
0.0
0.0
0.0
0.0
0.0
0.0
2.8
0.0
0.0
0.0
0.0
13.5
0.0
0.0
0.0
0.0
0.0
0.0
0.0
0.0
0.0
17.6
0.0
0.0
0.0
0.0
0.0
0.0
0.0
0.0
0.0
0.0
0.0
0.0
0.0
0.0
0.0
0.0
0.0
5.8
0.0
0.0
0.0
0.0
0.0
0.0
0.0
0.0
0.0
0.0
0.0
0.0
0.0
0.0
0.0
30.0
12.0
18.5
15.2
6.1
0.0
0.0
0.0
0.0
0.0
0.0
0.0
0.0
0.0
0.0
0.0
0.0
0.0
0.0
0.0
0.0
0.0
16.0
4.8
2.8
3.4
2.6
0.0
0.0
0.0
0.0
5.8
19.4
4.7
8.2
0.0
0.0
0.0
0.0
0.0
0.0
0.0
0.0
0.0
0.0
0.3
1.4
1.1
0.0
11.1
2.9
0.0
0.3
0.1
2.6
7.2
9.7
9.1
23.0
0.0
0.0
0.0
0.0
0.0
0.0
0.0
0.0
0.0
0.0
0.0
0.0
1.7
6.7
3.7
7.1
0.0
0.0
0.0
0.0
0.0
0.0
0.0
0.2
0.0
0.0
0.0
0.0
0.0
0.0
0.0
0.0
0.0
0.0
0.0
0.0
0.0
0.0
0.0
0.0
0.0
0.0
0.0
0.0
0.0
0.0
0.0
0.0
0.0
0.0
0.0
0.0
0.0
0.3
0.0
0.0
0.0
0.0
0.0
0.0
0.0
0.0
0.0
0.0
0.0
0.0
0.0
0.0
0.0
0.0
0.0
0.0
0.0
0.0
0.0
0.0
0.0
0.0
0.0
0.0
0.0
0.0
0.0
0.0
0.0
0.0
0.0
0.0
0.0
0.0
0.0
0.0
0.0
0.0
0.0
0.0
0.0
0.0
0.0
0.0
0.0
0.0
0.0
0.0
0.0
0.0
0.0
0.0
0.0
10.1
0.0
0.0
0.0
0.0
0.0
0.0
0.0
0.0
0.0
0.5
0.0
0.0
0.0
0.0
0.0
0.0
0.0
0.0
0.0
0.0
0.0
0.0
0.0
0.0
0.4
0.0
0.0
0.0
0.0
0.0
0.0
0.0
0.0
0.0
0.0
0.0
0.0
0.0
0.0
0.0
0.6
0.0
0.0
0.0
26.8
0.0
0.0
0.0
0.0
0.0
4.0
2.2
0.5
0.0
4.3
1.3
42.4
0.4
0.0
0.0
0.0
1.1
0.0
0.0
17.6
0.0
0.0
0.0
0.8
5.6
0.1
0.7
0.0
0.0
1.1
13.6
10.0
10.8
11.5
8.6
0.0
38.2
0.3
0.0
0.0
0.0
0.0
0.0
0.0
0.0
0.7
3.4
0.0
0.0
0.0
0.0
25.4
0.7
0.0
6.0
0.0
0.0
0.0
0.0
33.0
1.7
3.7
6.9
0.0
0.0
0.0
5.9
0.0
0.0
0.0
10.7
3.5
13.6
0.1
2.5
12.9
0.0
0.0
0.0
0.0
0.0
0.0
0.0
0.7
5.0
0.0
0.0
0.0
0.0
0.0
0.0
0.0
0.0
0.0
2.8
0.3
0.0
0.0
0.0
0.0
0.0
0.0
0.0
0.0
0.0
0.0
0.0
0.0
0.0
0.0
0.0
0.0
0.0
0.0
0.0
0.0
0.0
0.0
0.0
0.0
0.0
0.0
0.0
1.1
12.0
3.4
0.4
0.0
0.2
0.0
0.0
0.0
0.0
0.0
0.0
0.0
0.0
0.0
0.0
0.0
0.0
0.0
0.0
0.0
0.0
0.0
0.0
0.0
7.1
12.8
12.6
0.4
32.1
9.1
-9999.0
-9999.0
-9999.0
0.0
0.0
0.0
0.0
0.0
0.0
0.0
0.0
0.0
0.0
0.0
0.0
0.5
0.7
1.3
0.2
6.9
6.5
0.0
0.0
0.0
0.0
0.0
0.0
0.0
4.5
16.7
13.0
18.6
27.7
1.7
0.0
6.7
0.0
0.0
0.0
0.0
0.0
0.0
7.0
45.8
2.9
0.0
0.0
0.0
0.8
23.7
5.5
0.0
0.7
0.0
0.0
0.0
0.0
0.0
0.0
0.0
0.0
0.0
27.1
0.0
0.0
1.2
67.8
25.3
0.0
16.4
1.6
0.0
0.0
0.0
6.2
0.0
3.4
12.7
0.2
0.0
0.0
0.0
0.0
0.0
0.0
0.7
0.0
0.0
1.6
0.0
1.9
3.1
0.0
0.0
0.0
0.0
0.0
0.0
0.0
0.0
0.0
0.0
0.0
4.3
0.1
0.0
0.7
4.5
0.6
2.0
13.0
0.0
0.0
0.0
0.0
0.0
0.0
0.0
0.0
0.0
0.0
0.0
0.0
0.0
0.0
0.0
0.0
0.0
0.0
0.0
0.0
0.3
0.0
0.0
0.0
0.0
0.0
0.0
0.0
0.0
0.0
0.3
0.0
0.0
0.0
0.0
0.0
0.0
0.0
0.0
0.0
0.0
0.0
0.0
0.0
0.0
0.0
0.0
0.0
0.0
0.0
0.0
0.0
0.0
0.0
0.0
0.0
0.0
0.0
0.0
0.0
0.0
0.0
0.0
0.0
0.0
0.0
0.0
0.0
0.0
0.0
0.0
0.0
0.0
0.0
0.0
0.0
0.8
0.0
1.2
3.1
0.0
0.0
0.0
0.0
0.0
0.0
0.0
0.0
0.3
0.0
0.0
0.0
0.0
0.0
0.0
0.0
0.0
0.0
0.0
0.0
0.0
0.0
0.0
0.0
0.0
0.0
0.0
0.0
0.0
0.0
0.0
0.0
0.0
0.0
0.0
0.2
0.0
0.0
0.0
0.0
0.0
0.0
0.0
0.0
6.1
0.0
0.0
0.0
0.0
0.0
0.0
1.5
0.0
5.7
1.5
0.6
0.0
0.0
0.0
0.0
0.1
1.8
0.0
0.0
0.0
0.0
0.0
0.0
0.0
0.0
0.0
0.0
0.0
0.0
0.0
0.0
0.0
0.0
0.0
0.0
0.0
0.0
0.0
0.0
0.0
0.0
0.8
22.0
24.3
16.1
25.8
2.2
0.0
0.1
0.0
0.0
0.0
0.0
0.0
0.0
0.0
0.0
0.0
0.0
0.0
0.0
0.0
0.0
0.0
0.6
0.0
0.0
-9999.0
0.0
0.0
0.0
0.0
0.0
0.0
0.0
0.0
0.0
0.0
0.0
0.0
0.0
0.0
0.0
0.0
0.0
0.0
0.0
0.0
0.0
0.0
0.0
0.0
0.0
0.0
0.0
0.0
0.0
0.0
0.0
0.0
0.0
0.0
0.0
0.0
0.0
0.0
0.0
0.0
0.0
0.0
-9999.0
0.0
0.0
0.0
0.0
0.0
0.0
0.0
0.0
0.0
0.0
0.0
0.0
0.0
0.0
0.0
0.0
0.0
0.0
1.4
0.8
11.1
13.4
-9999.0
-9999.0
-9999.0
-9999.0
0.0
0.0
0.0
0.0
0.0
1.7
0.0
0.0
0.0
0.0
0.0
0.0
0.0
0.0
1.3
0.0
0.0
0.0
4.3
0.0
0.0
5.8
0.0
0.0
0.0
0.0
0.0
0.2
0.0
0.0
0.2
0.0
0.0
0.0
0.3
0.0
0.0
0.0
0.0
0.0
0.0
0.0
0.0
0.0
0.0
0.0
0.0
0.0
0.0
0.0
0.0
0.0
0.0
0.0
0.0
0.0
0.0
0.0
9.8
0.0
0.0
0.0
0.0
0.0
0.0
0.0
0.0
0.0
3.7
0.0
0.0
0.0
0.0
0.0
0.0
0.0
0.0
0.0
0.0
0.0
0.0
0.0
0.0
0.0
0.0
0.5
3.7
0.0
0.0
0.0
0.0
0.0
0.0
0.0
0.0
0.0
0.0
0.0
0.0
0.0
0.0
0.0
0.0
0.0
0.0
0.0
0.0
0.0
0.0
0.0
0.0
0.0
0.0
0.1
3.1
0.0
0.0
0.0
0.0
0.0
0.0
0.0
0.0
0.0
0.0
0.0
0.0
0.0
0.0
0.0
0.0
0.0
0.0
0.0
0.0
0.0
0.0
0.0
0.0
0.0
0.0
0.0
0.0
0.0
0.0
0.0
0.0
0.0
0.0
0.0
0.0
0.0
0.0
0.0
0.0
0.0
0.0
0.0
0.0
0.0
0.0
0.0
0.0
0.0
0.0
0.0
0.0
2.9
0.0
0.0
0.0
0.0
0.0
0.0
0.0
0.0
0.0
0.0
0.0
0.0
0.0
0.0
0.0
0.0
0.0
4.6
2.0
0.0
0.0
0.0
0.0
0.0
0.0
0.0
0.4
0.0
0.0
0.0
0.0
0.0
0.0
0.0
0.0
0.0
0.0
4.3
0.4
0.0
0.0
0.0
0.0
0.0
0.0
0.0
0.0
0.0
0.0
0.0
0.1
9.4
9.4
1.7
0.0
0.0
0.0
0.0
4.3
2.0
0.0
0.1
0.0
0.0
0.0
0.0
0.0
0.0
0.0
0.8
0.0
0.6
0.0
0.0
0.0
0.0
0.0
0.0
0.0
0.0
0.0
0.0
0.0
0.0
2.5
-9999.0
-9999.0
-9999.0
0.0
0.0
0.0
0.0
0.0
6.5
0.0
11.8
0.0
-9999.0
-9999.0
0.0
0.0
0.0
0.0
2.3
4.1
1.4
0.0
0.0
0.0
0.0
0.0
0.0
0.0
0.0
0.0
0.0
0.0
0.0
0.0
0.0
0.0
0.0
0.0
0.0
0.0
0.0
0.4
4.2
5.0
1.1
0.0
0.0
0.0
0.0
0.0
0.0
0.0
0.0
0.0
15.6
0.0
0.0
0.0
19.8
0.0
0.0
-9999.0
-9999.0
-9999.0
10.0
0.0
0.0
0.0
0.0
0.0
0.0
0.0
0.0
-9999.0
-9999.0
-9999.0
-9999.0
-9999.0
0.0
0.0
0.0
0.0
1.4
0.0
3.2
0.0
0.0
0.0
10.1
0.0
1.7
5.0
0.0
0.0
0.0
0.0
0.0
-9999.0
-9999.0
0.3
0.0
0.0
0.0
-9999.0
-9999.0
-9999.0
0.0
0.0
0.0
0.0
0.0
12.2
0.0
0.0
0.0
0.0
0.0
0.0
0.0
0.0
0.0
0.0
0.0
0.0
2.1
15.0
6.6
7.0
7.2
0.1
0.1
1.3
0.0
0.0
0.0
0.0
0.0
0.0
0.0
0.0
0.0
0.0
0.0
0.6
0.0
0.0
0.0
0.0
0.0
0.0
0.0
0.0
4.8
5.7
0.0
0.8
0.0
0.0
0.0
0.0
28.7
0.0
0.0
0.0
0.0
0.0
19.4
0.0
0.0
0.0
0.6
8.7
0.0
3.6
0.0
0.0
0.0
0.0
0.0
2.7
0.0
0.0
0.0
0.0
0.0
0.0
0.0
0.0
0.0
0.0
0.0
0.0
0.0
1.5
0.1
0.0
0.0
0.0
0.0
6.3
0.2
0.0
0.0
0.0
0.0
0.0
0.0
0.0
0.0
0.0
0.0
0.0
0.0
0.0
0.0
0.0
0.0
0.0
0.0
2.4
0.0
0.0
0.0
0.0
0.0
0.0
0.0
0.0
0.0
0.0
0.0
0.0
0.0
0.0
0.0
0.0
0.0
0.0
0.0
0.0
0.0
0.0
0.0
0.0
0.0
0.0
0.0
0.2
1.2
0.0
0.0
0.0
0.0
0.0
0.0
0.0
0.0
0.0
0.0
0.0
0.0
0.0
0.0
0.0
0.0
0.0
0.0
0.0
0.0
0.0
0.0
0.0
0.0
0.0
0.0
0.0
0.0
3.9
0.0
0.0
0.0
0.0
0.0
0.0
0.0
0.0
0.0
0.0
0.0
0.0
0.0
0.0
0.0
0.0
0.0
0.0
0.0
2.8
0.6
0.0
0.0
0.0
14.8
0.2
14.6
0.0
0.0
0.0
0.0
0.0
0.0
0.0
0.0
0.7
0.0
0.0
0.0
0.0
0.0
0.0
0.0
0.0
0.0
0.0
0.0
0.0
0.0
0.0
0.0
0.0
0.0
0.0
0.0
0.0
0.0
0.0
0.0
0.0
0.0
28.6
2.8
0.0
0.7
0.0
2.1
0.3
8.8
0.0
0.0
0.0
0.0
0.0
0.0
0.6
16.3
15.5
0.0
0.0
4.4
8.4
10.7
0.0
0.0
0.0
0.0
0.3
0.0
0.0
25.5
0.2
0.0
0.0
0.0
0.0
0.0
0.0
0.0
2.2
0.0
0.0
0.0
0.0
0.0
0.0
0.8
0.0
0.0
10.5
0.3
0.0
2.4
0.0
0.0
0.0
0.0
0.0
0.0
0.0
0.0
0.0
0.0
0.0
0.0
0.0
-9999.0
-9999.0
-9999.0
0.0
0.0
0.0
0.0
0.0
0.0
0.0
0.0
0.0
0.0
0.0
0.0
0.0
0.0
0.0
0.0
0.0
0.0
0.0
0.0
0.0
0.0
0.0
0.0
0.0
0.0
0.0
0.0
0.8
0.0
0.0
-9999.0
-9999.0
0.0
0.0
11.7
0.0
2.7
0.0
3.3
0.1
2.8
0.0
0.0
2.2
7.0
0.3
1.9
0.0
0.0
0.0
0.0
0.0
0.0
5.1
0.0
0.0
5.3
0.0
0.3
0.0
0.0
0.0
0.0
0.0
0.0
0.0
0.0
0.0
0.0
0.0
0.0
4.8
0.0
0.0
0.0
0.0
0.0
0.0
0.0
0.0
0.3
21.8
0.0
0.0
0.0
0.0
0.0
0.0
0.0
0.0
1.8
1.8
1.0
0.2
0.0
3.8
4.8
7.7
0.0
7.1
0.8
0.7
3.2
0.0
0.0
0.0
13.8
3.9
1.2
0.2
1.8
8.1
0.2
2.9
0.3
0.0
2.1
2.7
0.0
0.0
0.0
1.1
0.5
0.0
0.0
0.0
0.0
18.2
3.2
2.7
3.5
0.6
0.0
0.0
0.0
0.0
0.0
0.0
0.0
0.0
0.0
0.0
0.0
0.0
0.0
0.0
3.9
17.4
0.0
8.3
17.5
0.0
0.0
0.0
0.0
0.0
0.0
0.0
0.0
0.0
0.0
0.0
0.0
0.0
0.0
0.0
0.0
0.0
0.0
0.0
0.0
0.0
0.0
0.0
0.0
0.0
0.0
0.0
0.0
0.0
0.0
0.0
0.0
0.0
0.0
0.0
0.0
0.0
0.0
0.0
0.0
0.0
0.0
0.0
0.0
0.0
0.0
0.0
0.0
0.0
0.0
0.0
0.0
0.0
0.0
0.0
0.0
0.0
0.0
0.0
0.0
0.0
0.0
0.0
0.0
0.0
0.0
0.0
0.0
0.0
0.0
0.0
1.6
0.0
0.0
0.0
0.0
0.0
0.0
0.0
0.0
0.0
0.0
0.0
0.0
0.0
0.0
0.0
0.0
0.0
0.0
0.0
0.0
0.0
0.0
0.0
0.0
0.0
0.0
0.0
0.0
0.0
0.0
0.0
0.0
0.0
0.0
0.0
1.7
2.3
0.0
0.0
0.0
0.0
0.0
0.0
0.0
0.0
3.3
45.6
0.0
1.1
0.0
0.0
0.0
0.0
13.6
0.0
0.0
0.0
23.7
0.0
0.1
0.6
0.0
0.0
0.0
0.0
0.0
0.1
0.0
0.0
0.4
0.7
0.0
0.8
2.2
0.1
0.0
0.0
0.0
0.0
5.4
1.2
0.0
0.0
0.0
0.0
0.0
0.0
0.0
0.0
0.0
0.0
0.0
0.0
0.0
0.0
0.0
0.0
0.0
0.0
0.0
0.0
0.0
0.0
0.0
0.0
0.0
26.8
12.6
4.3
0.0
0.0
0.0
0.0
0.0
0.0
0.0
0.0
0.0
0.0
0.0
0.0
0.0
0.0
0.0
0.0
0.0
0.0
0.0
0.0
0.0
0.0
0.0
0.0
0.0
0.0
0.0
0.0
2.7
5.6
0.0
0.0
0.0
4.3
0.0
0.0
0.0
0.0
0.0
0.0
6.7
16.0
0.0
0.0
0.0
0.0
0.0
0.0
0.0
4.0
0.0
1.3
19.8
0.0
5.3
0.0
0.0
0.0
0.0
0.0
0.0
0.0
0.0
0.0
0.0
0.0
0.0
0.0
0.0
0.0
0.0
0.0
0.1
0.2
0.0
0.0
0.0
0.0
0.0
0.0
0.0
1.3
1.9
0.0
2.3
0.0
0.5
0.2
12.3
0.0
0.0
0.1
34.0
0.8
0.0
0.0
0.0
0.0
0.0
0.0
0.0
0.0
0.0
0.0
0.0
0.0
0.0
0.0
0.0
0.0
0.0
0.0
0.0
0.0
0.0
0.0
0.0
2.7
10.4
0.0
2.6
0.0
0.0
0.0
0.0
0.0
0.0
0.0
1.0
0.0
0.0
0.0
0.0
0.0
0.0
0.0
3.5
12.3
6.6
2.4
3.0
0.0
0.0
0.0
0.0
1.1
5.2
12.3
-9999.0
0.0
0.0
0.0
0.0
0.0
0.0
0.0
0.0
0.0
0.0
0.0
0.0
0.0
0.0
0.0
0.0
0.0
0.0
17.3
8.6
23.1
2.6
0.2
0.0
0.0
0.0
-9999.0
-9999.0
0.0
0.0
0.0
0.0
0.0
0.0
0.0
0.5
0.0
0.5
0.0
0.0
1.4
2.2
0.0
0.0
0.0
0.0
0.0
0.0
0.0
2.1
0.0
0.0
0.0
0.0
0.0
0.0
0.0
0.0
0.0
0.0
0.0
0.0
0.0
0.0
0.0
0.0
0.0
0.0
0.0
0.0
0.0
0.0
0.0
0.0
0.0
0.0
0.0
0.0
0.0
0.0
0.0
0.0
0.0
0.0
0.0
0.0
0.0
0.0
0.0
0.0
0.0
0.0
0.0
0.0
0.0
0.0
0.0
0.0
0.0
0.0
0.0
0.0
0.0
0.0
0.0
0.0
0.0
0.0
0.0
0.0
0.0
0.0
0.0
0.0
0.0
0.0
0.0
0.0
0.0
0.0
0.0
0.0
0.0
0.0
0.0
0.0
0.0
0.0
0.0
0.0
0.0
0.0
0.0
0.0
0.0
0.0
0.0
0.0
0.0
0.0
0.0
0.0
20.9
5.3
0.0
0.0
0.0
0.0
0.0
0.0
0.5
0.0
0.0
0.0
0.0
5.7
28.6
0.0
12.5
0.7
2.1
0.0
0.0
0.0
0.0
0.0
0.0
0.0
0.0
0.0
0.0
0.9
6.0
0.0
0.0
0.0
0.0
7.1
0.0
0.0
0.0
0.0
5.6
0.0
0.0
3.3
0.0
0.0
1.3
0.0
0.0
3.8
0.0
2.2
52.9
32.8
0.0
3.6
2.9
1.5
0.0
0.0
0.0
0.0
0.0
0.0
0.0
0.0
0.0
0.0
0.0
0.0
0.0
0.2
0.0
0.0
0.0
0.0
2.0
0.0
0.0
0.0
13.2
-9999.0
0.0
0.0
0.0
1.0
0.0
0.0
0.0
4.4
9.8
0.0
0.0
0.0
0.5
17.0
5.1
2.8
0.0
0.0
0.0
0.0
0.0
0.0
0.0
0.0
0.0
0.0
0.0
0.0
7.9
0.0
0.0
0.0
-9999.0
-9999.0
-9999.0
0.0
0.0
0.0
0.0
0.0
4.7
0.0
0.0
0.0
0.0
0.0
0.0
0.0
0.0
0.0
6.1
0.0
0.0
15.6
7.8
0.0
2.0
1.5
0.0
0.0
0.0
6.1
4.1
37.6
14.0
4.8
11.7
15.1
2.2
0.0
0.0
0.0
0.0
0.0
0.0
0.0
0.0
0.0
0.0
0.0
0.0
0.0
0.0
0.0
0.0
0.0
0.0
0.0
0.0
6.3
3.0
0.0
-9999.0
-9999.0
-9999.0
-9999.0
0.0
0.0
0.0
0.0
0.0
0.0
0.0
0.0
0.0
0.0
0.0
0.0
0.0
0.0
0.0
0.4
0.0
0.0
0.0
0.0
0.0
0.0
1.5
0.0
0.0
1.0
0.0
0.0
0.0
0.0
0.0
0.0
0.0
0.0
0.0
0.0
0.5
0.0
0.0
0.0
8.2
0.1
1.6
-9999.0
-9999.0
0.0
0.0
0.0
0.0
0.0
0.0
5.7
0.0
0.0
0.0
0.0
0.0
0.0
0.0
0.0
0.0
0.0
0.0
0.0
4.6
0.0
0.0
0.0
0.0
0.0
0.0
0.0
0.0
0.0
0.0
0.0
0.0
0.0
0.0
0.0
0.0
0.0
0.0
0.0
0.0
0.0
0.0
0.0
0.0
0.0
0.0
0.0
0.0
0.0
0.0
0.0
0.0
0.0
0.0
0.0
0.0
0.0
0.0
0.0
0.0
0.0
0.0
0.0
0.0
0.0
0.0
0.0
0.0
0.0
0.0
0.0
0.0
0.0
0.0
0.0
0.0
0.0
0.0
0.0
0.0
0.0
0.0
0.0
0.0
0.0
0.0
0.0
0.0
0.0
0.0
0.0
0.0
0.0
0.0
0.0
0.0
0.0
0.0
0.0
0.0
0.0
0.0
0.0
0.0
0.0
0.0
0.0
0.0
0.0
0.0
0.0
0.0
0.4
8.8
0.0
0.0
0.0
0.0
0.0
0.0
0.0
0.0
0.0
0.0
0.0
0.0
0.0
0.0
0.0
0.0
0.0
0.0
0.0
0.0
0.0
0.0
0.0
0.0
0.0
0.0
0.0
0.0
0.0
0.0
0.0
0.7
9.1
9.3
1.1
0.0
0.8
0.0
0.0
0.0
0.0
0.0
0.0
0.0
0.0
4.4
4.4
0.0
0.0
0.0
-9999.0
-9999.0
-9999.0
-9999.0
-9999.0
-9999.0
-9999.0
-9999.0
-9999.0
-9999.0
-9999.0
-9999.0
-9999.0
-9999.0
-9999.0
-9999.0
-9999.0
-9999.0
-9999.0
-9999.0
-9999.0
-9999.0
-9999.0
-9999.0
-9999.0
-9999.0
-9999.0
-9999.0
-9999.0
-9999.0
-9999.0
0.0
0.0
0.0
0.0
0.0
0.0
0.0
0.0
0.0
0.0
0.0
0.0
0.0
0.0
0.0
0.0
0.0
0.0
0.3
0.0
0.0
0.0
0.0
0.0
0.5
0.5
0.0
0.0
21.7
0.0
-9999.0
-9999.0
-9999.0
-9999.0
-9999.0
-9999.0
-9999.0
-9999.0
-9999.0
-9999.0
-9999.0
-9999.0
-9999.0
-9999.0
-9999.0
-9999.0
-9999.0
-9999.0
-9999.0
-9999.0
-9999.0
-9999.0
-9999.0
-9999.0
-9999.0
-9999.0
-9999.0
-9999.0
-9999.0
-9999.0
-9999.0
0.0
0.0
0.0
29.4
5.7
11.2
47.0
0.0
0.0
7.9
0.0
8.6
13.4
6.0
0.0
0.0
0.0
0.0
0.0
0.0
0.0
0.0
4.0
0.3
8.4
12.8
0.0
0.0
0.0
0.0
0.0
0.0
0.0
15.4
13.3
0.0
0.0
7.8
16.4
2.6
13.0
0.0
12.7
6.4
2.4
17.0
24.0
7.9
15.5
0.4
0.3
6.4
14.5
0.0
0.0
0.4
0.0
0.2
2.3
0.0
25.7
30.4
0.0
1.8
8.3
18.3
22.6
0.0
0.0
6.6
0.0
0.0
0.3
0.0
0.0
0.0
0.0
0.0
13.1
20.0
0.0
0.0
0.0
0.0
0.0
0.0
0.0
0.3
0.0
0.0
0.0
0.0
0.0
0.0
0.0
0.0
0.0
0.0
0.0
0.0
0.0
0.0
0.0
3.5
12.9
3.2
5.1
1.6
0.0
0.0
3.9
0.4
0.0
0.0
3.0
0.0
0.0
0.0
0.0
0.0
0.0
0.0
0.0
0.0
0.0
0.0
0.0
0.0
0.8
2.8
1.7
0.0
0.0
2.4
0.0
0.0
0.0
0.0
0.0
0.0
0.0
0.0
0.0
0.0
0.0
0.0
19.9
0.3
0.0
0.0
0.0
0.0
0.0
0.0
0.0
0.0
0.0
0.0
0.0
7.0
0.0
0.0
0.3
3.4
1.6
0.6
0.0
0.0
0.0
0.0
0.0
0.0
0.0
0.0
0.0
0.0
0.0
0.3
0.0
0.0
0.0
0.0
0.0
1.3
0.0
0.0
0.0
0.0
0.0
0.0
0.0
0.0
0.0
0.0
0.0
0.0
0.0
0.0
0.0
0.0
0.0
0.0
0.0
0.0
0.0
0.0
0.0
0.0
0.0
0.0
0.0
0.0
-9999.0
-9999.0
-9999.0
-9999.0
-9999.0
-9999.0
-9999.0
-9999.0
-9999.0
-9999.0
-9999.0
-9999.0
-9999.0
-9999.0
-9999.0
-9999.0
-9999.0
-9999.0
-9999.0
-9999.0
-9999.0
-9999.0
-9999.0
-9999.0
-9999.0
-9999.0
-9999.0
-9999.0
-9999.0
-9999.0
-9999.0
-9999.0
-9999.0
-9999.0
-9999.0
-9999.0
-9999.0
-9999.0
-9999.0
-9999.0
-9999.0
-9999.0
-9999.0
-9999.0
-9999.0
-9999.0
-9999.0
-9999.0
-9999.0
-9999.0
-9999.0
-9999.0
-9999.0
-9999.0
-9999.0
-9999.0
-9999.0
-9999.0
-9999.0
-9999.0
-9999.0
0.0
0.0
1.9
0.0
0.0
0.0
0.0
0.0
22.8
0.0
0.1
0.2
0.7
0.0
0.0
0.0
0.0
0.0
0.0
0.0
0.0
0.0
0.0
0.0
0.0
0.0
0.0
0.0
0.0
17.6
16.3
0.0
0.0
0.0
0.0
0.0
0.0
0.0
5.2
10.4
0.0
0.0
0.0
0.0
3.8
0.0
0.0
2.7
0.0
0.0
0.0
4.0
0.0
2.1
0.0
0.0
8.9
39.6
2.8
9.6
6.8
0.0
0.0
0.0
0.0
16.3
20.2
4.0
0.0
0.0
0.0
0.0
0.0
0.0
0.0
0.0
0.0
3.4
61.6
12.6
13.6
36.9
23.1
6.4
0.0
0.0
0.0
0.0
0.0
0.0
21.8
6.4
1.6
0.0
0.0
0.0
0.0
0.0
2.3
1.7
10.0
0.0
0.0
0.0
0.0
0.0
0.0
0.0
0.0
0.0
0.0
0.0
0.6
0.0
3.1
1.9
0.0
7.8
9.0
1.0
0.0
0.0
0.0
0.0
0.0
0.0
0.0
0.0
0.0
0.0
0.0
0.0
0.0
0.0
0.0
2.2
1.2
24.6
7.8
3.0
0.0
3.8
0.0
0.0
0.0
0.0
0.0
0.0
0.0
0.0
0.0
0.0
0.0
0.0
6.6
0.0
0.0
0.0
16.5
13.3
3.7
17.1
2.3
0.0
6.3
0.0
0.0
0.0
0.0
0.0
0.0
0.0
1.1
7.0
0.0
0.0
0.0
0.0
0.0
0.0
0.0
0.0
0.0
1.3
0.0
0.0
0.0
0.0
0.0
0.0
0.0
0.0
0.0
0.0
0.0
0.0
0.0
0.0
0.0
0.8
0.0
1.5
15.4
4.2
0.3
7.3
3.7
6.0
0.0
11.3
21.7
2.7
13.4
25.4
0.2
0.0
0.0
0.3
7.6
0.0
0.0
0.0
0.0
0.0
0.0
0.0
0.3
0.7
0.0
7.5
20.3
2.3
0.0
0.0
0.0
0.0
0.0
0.3
0.3
0.0
0.0
0.0
0.0
0.8
0.4
0.3
0.0
0.0
0.2
9.8
0.0
0.0
0.0
0.0
0.0
0.0
0.0
0.0
0.0
0.0
0.0
0.0
0.0
0.0
0.0
0.0
0.0
0.0
0.0
0.0
0.0
0.0
0.0
0.0
0.0
0.0
0.0
0.0
0.0
0.0
0.0
0.0
0.0
0.0
0.0
0.0
0.0
0.0
0.0
0.0
0.0
0.0
0.0
0.0
0.0
0.0
0.0
0.0
0.0
0.0
0.0
0.0
0.0
0.0
0.0
0.0
0.0
0.0
0.0
0.0
0.0
0.0
0.0
0.0
0.0
0.0
0.0
0.0
0.0
0.0
0.0
0.0
0.0
0.0
0.0
0.0
0.0
0.0
0.0
0.0
0.0
0.0
0.0
0.0
0.0
0.0
0.0
0.0
0.0
0.0
0.0
0.0
0.0
0.0
0.0
0.0
0.0
0.0
0.0
0.0
0.0
0.0
0.0
0.0
0.0
0.0
0.0
2.1
0.0
0.0
0.0
0.0
0.0
0.0
0.0
0.0
0.0
0.0
0.0
0.0
0.0
0.0
0.0
0.0
0.0
0.0
0.0
0.0
0.0
0.1
0.5
0.0
0.0
0.0
0.0
0.0
2.7
8.5
18.1
0.0
7.2
4.5
0.0
0.0
0.0
0.0
0.0
9.0
30.6
30.9
2.8
0.0
0.0
0.0
0.0
0.0
0.0
0.0
0.0
7.2
0.0
0.0
0.0
3.5
37.6
11.7
0.0
1.9
0.0
0.7
0.0
0.0
0.0
0.0
0.0
0.0
0.0
2.2
0.0
0.0
0.0
0.0
0.0
0.0
0.0
1.6
0.7
0.0
0.0
0.0
0.0
1.4
0.2
0.0
0.0
0.0
0.0
0.0
0.0
0.0
0.0
0.0
0.0
0.0
0.0
0.0
0.0
0.0
0.0
0.0
0.0
0.0
0.0
0.0
0.0
0.0
0.0
0.0
0.0
0.0
0.0
4.9
3.5
0.6
0.0
0.0
0.0
0.0
0.0
0.0
0.0
0.0
0.0
8.9
0.0
0.0
0.0
0.0
0.0
2.5
0.0
0.0
0.0
0.0
0.0
0.0
0.0
0.0
0.0
0.0
0.0
0.0
0.0
0.1
1.9
0.0
0.0
0.0
0.0
0.0
0.0
0.0
0.0
0.0
0.0
0.0
0.0
5.6
5.7
0.0
0.0
0.0
0.0
0.0
0.0
0.7
0.0
0.0
0.0
0.0
0.0
0.0
0.0
0.0
0.0
17.2
0.0
0.0
0.0
0.0
0.0
0.3
0.0
0.0
0.0
0.0
0.0
0.0
0.0
0.2
6.3
0.3
3.3
1.4
0.0
0.0
0.0
0.0
0.0
1.7
7.8
8.6
6.1
0.0
0.0
0.5
7.4
0.0
0.0
0.0
0.0
0.0
0.0
0.0
3.3
9.2
15.1
4.3
0.0
0.0
0.0
0.3
7.6
0.0
0.0
0.0
0.0
0.0
0.0
0.0
0.0
0.0
0.0
0.0
0.0
0.0
0.0
8.0
0.0
0.0
0.0
0.0
0.0
0.0
0.0
0.0
0.0
0.0
0.0
0.0
0.0
0.0
0.0
0.0
0.0
0.0
0.0
0.0
0.0
0.0
0.0
0.0
0.0
0.0
0.0
0.0
0.4
1.2
0.0
0.0
0.0
0.0
0.0
0.0
0.0
0.2
0.0
0.0
0.0
0.0
0.0
0.0
0.0
0.0
0.0
0.0
0.0
0.0
0.0
0.0
0.0
0.0
0.0
0.0
0.0
0.0
0.0
0.0
0.0
0.0
0.0
0.0
0.0
0.0
0.0
0.0
0.0
0.0
0.0
0.0
0.0
0.0
0.0
0.0
0.0
0.0
0.0
0.0
0.0
0.0
0.0
0.0
0.0
0.0
0.0
0.0
0.0
0.0
0.0
0.0
0.0
0.0
0.0
0.0
0.0
0.0
0.0
0.0
0.0
0.0
0.0
0.0
0.0
0.0
0.0
0.0
0.0
0.0
0.0
0.0
0.0
0.0
0.0
0.0
0.0
0.0
0.0
0.0
0.0
0.0
0.0
0.0
0.0
0.0
0.0
0.0
1.3
19.7
69.1
29.4
0.0
0.0
0.0
0.0
0.0
0.0
0.0
0.0
0.0
0.0
0.0
0.0
0.0
0.0
2.5
0.0
0.0
0.0
5.6
3.2
15.0
0.0
0.0
0.0
6.9
51.8
7.4
0.8
0.0
0.0
22.9
0.5
0.0
12.3
15.4
17.5
21.8
11.3
0.7
7.6
7.4
6.0
0.0
0.0
0.0
0.0
0.0
0.0
27.9
7.6
0.0
0.0
0.0
0.0
0.0
0.0
0.0
3.8
0.0
0.0
0.0
0.0
0.0
0.0
0.0
0.0
0.0
5.1
7.0
0.0
0.0
0.0
0.7
0.0
0.0
0.0
0.0
0.0
0.0
0.0
0.0
0.0
0.0
0.0
0.0
0.0
8.0
0.0
0.0
0.0
0.0
0.0
0.0
0.0
0.0
0.0
0.0
0.0
0.0
0.0
0.0
0.0
0.0
0.0
0.0
0.0
0.0
0.0
18.6
2.6
9.2
30.5
6.6
0.0
0.2
12.2
5.6
0.4
0.0
0.0
0.0
0.0
0.0
0.0
0.0
0.0
0.0
0.0
0.0
0.0
0.0
0.0
0.0
0.0
0.0
0.0
0.0
0.0
0.0
0.0
0.9
-9999.0
-9999.0
-9999.0
-9999.0
-9999.0
-9999.0
0.0
-9999.0
-9999.0
-9999.0
0.0
0.0
0.0
0.0
8.2
23.8
8.4
14.6
2.3
2.6
5.3
5.0
4.6
0.0
0.0
0.2
2.4
5.2
0.0
22.8
0.0
0.0
0.5
7.4
5.3
0.0
0.0
0.4
0.0
10.2
0.0
18.9
2.6
0.3
2.8
4.2
10.0
0.0
0.0
0.0
0.0
0.0
0.0
0.0
0.0
0.0
0.0
0.0
0.0
0.0
0.0
0.1
0.0
0.3
0.0
0.0
0.0
0.0
0.0
2.0
0.0
16.9
0.0
0.0
0.3
0.0
0.0
0.0
0.0
0.0
0.0
0.0
0.0
0.0
0.0
0.2
2.9
6.0
6.4
2.5
0.0
2.6
2.0
1.4
0.0
0.0
0.0
0.0
0.0
0.0
0.0
0.0
0.0
0.0
0.0
0.0
0.0
0.0
0.0
0.0
0.0
0.0
0.0
0.0
0.0
0.0
0.0
0.0
0.0
0.0
0.0
0.0
0.0
0.0
0.0
0.0
0.0
0.0
0.0
0.0
0.0
0.0
0.0
0.0
0.0
0.0
0.0
0.0
0.0
0.0
0.0
0.0
0.0
0.0
0.9
0.0
0.0
0.0
0.0
0.0
0.0
0.0
0.0
0.0
0.0
0.0
0.0
0.0
0.0
0.0
0.0
0.0
0.0
0.0
0.4
0.0
0.0
0.0
0.0
0.0
0.0
0.0
0.0
0.0
0.0
0.0
0.0
0.0
0.0
0.0
0.0
0.0
0.0
0.0
0.0
0.0
0.0
0.0
0.0
0.0
0.0
0.0
2.5
0.0
0.0
0.0
0.0
0.0
0.0
0.0
0.0
18.9
0.0
8.4
0.0
0.0
0.0
0.0
0.0
0.0
0.0
0.0
0.0
8.0
0.0
0.0
0.0
0.0
0.0
0.0
0.0
7.5
0.2
0.0
0.0
-9999.0
-9999.0
-9999.0
-9999.0
-9999.0
-9999.0
-9999.0
-9999.0
-9999.0
-9999.0
-9999.0
-9999.0
-9999.0
-9999.0
-9999.0
-9999.0
-9999.0
-9999.0
-9999.0
-9999.0
-9999.0
-9999.0
-9999.0
-9999.0
-9999.0
-9999.0
-9999.0
-9999.0
-9999.0
-9999.0
-9999.0
0.0
0.0
0.0
0.0
0.0
0.0
0.0
0.0
0.0
0.0
0.0
0.0
9.9
0.0
0.0
0.0
2.2
0.0
0.0
0.0
0.0
0.0
0.0
0.0
0.0
0.0
8.0
0.0
0.0
0.0
0.0
0.0
0.0
0.0
0.0
0.0
0.0
0.0
0.0
0.0
0.0
0.0
0.0
0.0
0.0
0.0
0.0
1.2
16.0
0.0
0.0
0.0
0.0
14.0
31.4
0.0
0.0
0.0
0.0
0.0
0.0
0.0
0.3
0.0
2.9
0.0
0.0
0.0
0.0
0.0
0.2
0.0
0.0
2.8
0.5
0.0
7.1
12.7
16.0
2.2
0.0
13.5
0.0
0.0
0.0
0.0
0.0
0.0
4.4
0.0
0.0
0.5
0.3
0.0
0.0
1.0
0.6
4.5
0.0
5.8
12.1
0.0
14.9
1.5
0.0
0.0
1.2
0.0
0.0
1.5
0.0
0.0
0.1
0.0
3.5
4.0
0.0
0.0
0.0
0.0
69.1
17.4
0.0
0.0
0.0
0.0
0.0
0.0
0.0
0.0
0.0
0.0
0.0
0.0
0.0
0.0
0.0
0.0
1.3
3.2
0.0
0.0
0.0
0.0
2.0
0.0
0.0
0.0
3.4
0.0
0.0
0.0
-9999.0
0.0
0.0
0.0
0.0
0.0
0.0
0.0
0.0
0.0
0.0
0.0
0.0
0.0
0.0
0.0
0.0
0.0
27.0
6.6
0.0
0.0
0.0
0.0
0.0
0.0
0.0
0.0
0.0
0.0
0.0
0.0
0.0
0.0
0.0
0.0
0.0
0.0
0.0
0.0
0.0
0.0
0.0
0.0
0.0
0.0
0.0
0.0
0.0
3.4
0.0
0.0
0.0
0.0
0.0
0.0
0.0
0.0
0.0
13.1
10.6
0.0
0.0
0.0
0.0
0.0
0.0
0.0
0.0
0.0
0.0
0.0
0.0
0.0
0.0
0.0
0.0
0.0
0.0
0.0
0.0
1.5
0.0
0.3
0.0
0.0
0.0
0.0
0.0
0.0
0.0
0.0
0.0
0.0
0.0
0.0
0.0
0.0
0.0
0.0
0.0
0.0
0.0
0.0
0.0
0.0
0.0
0.0
0.0
0.0
0.0
0.0
0.0
0.0
0.0
0.0
0.0
0.0
0.0
0.0
0.0
0.0
0.0
0.0
0.0
0.0
0.0
0.0
0.0
0.0
0.0
0.0
0.0
0.0
0.0
0.0
0.0
0.0
0.0
0.0
0.0
0.0
0.0
0.0
0.0
0.0
0.0
0.0
0.0
0.0
0.0
0.0
0.0
0.0
0.0
0.0
0.0
0.0
0.0
0.0
0.0
0.0
0.0
0.0
0.0
0.0
0.0
0.0
0.0
0.0
0.0
0.0
2.2
5.6
0.0
0.0
0.0
3.4
3.2
1.6
1.0
0.0
0.0
0.0
0.0
0.0
0.0
0.0
0.0
0.0
0.0
4.9
1.6
8.2
15.8
0.0
0.0
0.0
0.0
0.0
0.0
0.0
0.0
0.0
0.0
0.0
0.0
0.0
0.0
0.0
0.0
0.0
0.0
0.0
0.0
9.8
5.2
0.0
0.0
0.3
6.4
0.0
1.5
7.6
0.0
1.2
8.5
0.0
0.0
0.0
0.0
0.0
0.0
0.0
1.4
0.0
0.0
0.0
1.8
41.3
21.5
1.9
0.0
0.9
0.0
0.2
0.0
0.0
0.0
0.0
0.0
0.0
0.0
0.0
0.0
-9999.0
0.0
0.0
0.0
0.0
0.0
0.0
0.0
0.0
0.0
0.0
0.0
0.0
0.0
0.0
0.0
0.0
0.0
0.0
0.0
0.0
0.0
0.0
0.0
0.0
0.0
0.0
0.0
0.0
0.0
0.0
0.0
0.0
4.5
1.6
0.0
-9999.0
0.0
0.9
4.2
7.4
0.0
0.0
0.0
0.0
0.0
0.0
0.0
0.6
12.0
0.0
10.4
-9999.0
0.0
0.0
0.0
0.0
0.0
0.0
0.0
3.6
5.6
0.0
4.0
1.3
0.0
9.0
0.0
0.0
0.0
0.0
0.0
0.0
0.0
0.0
0.0
0.0
0.0
0.0
0.0
0.0
0.0
0.0
0.0
0.0
0.0
0.0
0.0
0.0
0.0
0.0
0.0
0.0
0.0
0.6
7.9
0.0
16.3
9.3
1.9
11.4
3.2
0.0
0.0
0.0
0.0
0.0
0.0
0.0
0.0
0.0
0.0
0.0
1.0
0.5
0.0
15.2
3.4
4.7
0.0
0.0
0.0
6.0
4.2
1.0
0.0
0.0
0.0
0.0
0.0
0.0
0.0
0.0
0.6
11.4
0.0
0.0
0.0
0.0
0.0
0.0
0.0
0.0
0.0
0.0
0.0
0.0
0.0
0.0
0.0
0.0
0.0
0.0
0.0
0.0
0.0
0.1
0.0
9.9
0.0
0.0
0.0
0.0
0.0
0.0
0.0
0.0
0.0
1.0
0.0
12.2
0.0
0.0
0.0
0.0
0.0
0.0
0.0
0.0
0.0
0.0
0.0
0.0
0.0
3.6
0.0
0.0
0.0
0.0
0.0
0.0
0.0
0.0
0.0
0.4
0.0
0.0
0.0
0.0
0.0
0.0
0.0
0.0
0.0
0.0
0.0
0.0
0.0
0.0
0.0
0.0
0.0
0.0
0.0
0.0
0.0
0.0
0.0
0.0
0.0
0.0
0.0
0.0
0.0
0.0
0.0
0.0
0.0
0.0
0.0
0.0
0.0
0.0
0.0
0.0
0.0
0.0
14.6
0.0
0.0
0.4
0.0
0.0
0.0
0.0
0.0
0.0
0.0
0.0
0.0
0.0
0.0
0.0
0.0
0.0
0.0
0.0
0.0
0.0
0.0
0.0
0.0