7 6 1991
170 
0.00
0.00
0.00
0.00
0.00
0.00
0.00
0.00
0.00
0.50
0.00
0.00
0.00
0.00
0.00
0.00
0.00
0.00
0.00
0.00
0.00
0.00
0.00
0.00
0.20
0.00
-9999.00
-9999.00
-9999.00
-9999.00
-9999.00
-9999.00
-9999.00
-9999.00
-9999.00
-9999.00
-9999.00
-9999.00
-9999.00
-9999.00
-9999.00
-9999.00
-9999.00
-9999.00
-9999.00
-9999.00
-9999.00
-9999.00
-9999.00
0.00
0.00
0.00
0.00
0.00
0.00
-9999.00
0.00
-9999.00
0.00
0.00
0.00
0.00
0.00
0.00
0.00
0.00
0.00
0.00
0.00
0.00
0.00
0.00
0.00
0.00
2.10
0.00
0.00
0.00
0.00
0.00
0.00
0.00
0.50
0.00
0.00
0.00
-9999.00
-9999.00
-9999.00
-9999.00
-9999.00
-9999.00
-9999.00
-9999.00
-9999.00
-9999.00
-9999.00
-9999.00
-9999.00
-9999.00
-9999.00
-9999.00
-9999.00
-9999.00
-9999.00
-9999.00
-9999.00
-9999.00
-9999.00
-9999.00
2.30
0.00
0.00
1.40
15.50
0.00
-9999.00
-9999.00
-9999.00
-9999.00
-9999.00
-9999.00
-9999.00
-9999.00
-9999.00
-9999.00
-9999.00
-9999.00
-9999.00
-9999.00
-9999.00
-9999.00
-9999.00
-9999.00
-9999.00
-9999.00
-9999.00
-9999.00
-9999.00
-9999.00
-9999.00
-9999.00
-9999.00
-9999.00
-9999.00
-9999.00
-9999.00
-9999.00
0.00
0.00
0.00
-9999.00
-9999.00
0.00
0.00
0.00
0.00
0.00
0.00
3.60
0.10
1.90
0.70
0.00
0.00
1.40
3.10
0.10
0.00
0.00
0.00
0.00
0.00
0.00
1.30
0.00
11.00
1.70
0.00
0.00
0.00
1.80
0.10
0.00
6.40
4.60
0.40
0.00
0.00
0.00
0.10
5.00
0.40
0.00
0.00
0.00
0.00
0.00
0.00
0.00
0.00
0.00
0.00
0.00
0.00
0.00
0.00
0.00
0.00
0.00
-9999.00
-9999.00
-9999.00
-9999.00
-9999.00
-9999.00
-9999.00
-9999.00
-9999.00
-9999.00
-9999.00
-9999.00
-9999.00
-9999.00
-9999.00
-9999.00
-9999.00
-9999.00
-9999.00
-9999.00
-9999.00
-9999.00
-9999.00
-9999.00
-9999.00
-9999.00
-9999.00
-9999.00
-9999.00
-9999.00
-9999.00
-9999.00
-9999.00
-9999.00
-9999.00
-9999.00
-9999.00
-9999.00
-9999.00
-9999.00
-9999.00
-9999.00
-9999.00
-9999.00
-9999.00
-9999.00
-9999.00
-9999.00
-9999.00
-9999.00
-9999.00
-9999.00
-9999.00
-9999.00
-9999.00
-9999.00
-9999.00
-9999.00
-9999.00
-9999.00
0.00
0.00
0.20
0.00
0.00
0.00
0.00
0.00
0.00
0.00
0.00
0.00
0.00
0.00
0.00
0.00
0.00
0.00
0.00
0.00
0.00
0.00
0.20
0.20
0.60
0.00
0.00
11.40
11.90
0.00
2.00
10.80
7.40
0.90
4.10
0.00
2.90
0.00
0.00
0.00
0.00
0.00
0.00
0.00
0.00
0.00
0.00
0.00
0.00
0.00
0.00
0.00
0.00
0.00
0.00
0.00
0.00
0.00
0.00
-9999.00
-9999.00
-9999.00
-9999.00
-9999.00
-9999.00
-9999.00
-9999.00
-9999.00
-9999.00
-9999.00
-9999.00
-9999.00
-9999.00
-9999.00
-9999.00
-9999.00
-9999.00
-9999.00
-9999.00
-9999.00
-9999.00
-9999.00
-9999.00
-9999.00
-9999.00
-9999.00
-9999.00
-9999.00
-9999.00
-9999.00
-9999.00
0.00
0.80
0.00
0.00
0.00
0.00
0.00
0.00
0.00
0.00
0.40
0.60
3.30
3.00
0.30
1.40
1.00
0.00
0.30
6.50
20.60
0.10
0.00
0.00
0.00
0.00
0.00
0.00
0.00
-9999.00
-9999.00
-9999.00
-9999.00
-9999.00
-9999.00
-9999.00
-9999.00
-9999.00
-9999.00
-9999.00
-9999.00
-9999.00
-9999.00
-9999.00
-9999.00
-9999.00
-9999.00
-9999.00
-9999.00
-9999.00
-9999.00
-9999.00
-9999.00
-9999.00
-9999.00
-9999.00
-9999.00
-9999.00
-9999.00
-9999.00
-9999.00
0.00
0.00
0.00
0.00
0.00
0.00
0.00
0.00
0.00
0.00
0.00
0.00
0.00
0.00
0.00
0.00
0.00
0.00
0.00
0.00
0.00
0.00
0.00
0.00
0.00
0.00
0.20
0.10
0.00
0.00
0.00
0.00
0.00
0.00
0.00
0.00
0.00
0.00
0.00
0.00
0.00
0.00
0.00
0.00
0.00
0.00
0.00
0.00
0.00
0.00
0.00
0.00
0.00
0.00
0.30
2.60
1.60
1.40
1.10
0.50
0.00
0.00
0.00
0.00
0.00
0.00
0.00
1.40
16.60
3.80
15.90
0.10
0.00
0.00
0.40
26.60
0.00
0.00
8.10
5.30
0.00
0.00
0.00
0.00
0.00
0.00
0.00
0.00
3.10
1.20
0.00
0.00
0.00
0.00
0.00
0.00
0.00
0.00
2.80
4.70
0.10
0.00
0.00
0.00
0.00
8.20
0.10
0.00
0.00
0.00
0.00
0.00
0.00
0.00
0.00
0.00
0.00
0.00
0.00
0.00
0.00
0.00
0.00
0.00
0.00
2.30
0.00
0.60
0.00
0.00
0.00
0.00
0.00
0.00
0.00
0.00
0.00
0.00
0.00
0.00
0.00
0.00
0.30
0.00
0.00
0.00
0.00
0.00
0.00
0.00
0.00
0.00
-9999.00
-9999.00
-9999.00
-9999.00
-9999.00
-9999.00
-9999.00
-9999.00
-9999.00
-9999.00
-9999.00
-9999.00
-9999.00
-9999.00
-9999.00
-9999.00
-9999.00
-9999.00
-9999.00
-9999.00
-9999.00
-9999.00
-9999.00
0.00
0.00
0.00
0.00
0.00
0.00
0.00
1.90
0.30
0.00
0.20
0.00
0.00
0.00
0.00
0.00
0.00
2.30
3.30
0.40
0.00
0.00
0.00
0.00
0.00
0.00
0.00
0.00
0.00
0.00
0.00
0.00
0.00
0.00
1.80
0.00
0.00
0.00
0.00
0.00
0.00
0.10
0.00
0.20
0.00
0.00
0.00
0.00
6.90
5.00
0.00
0.00
0.00
0.00
0.00
0.00
0.00
0.00
0.00
0.00
16.00
0.00
0.00
0.00
0.00
0.00
0.00
0.00
0.00
0.00
0.00
0.00
0.00
0.00
0.00
0.00
0.00
0.00
0.70
0.00
6.90
2.80
0.00
0.00
0.00
0.00
0.00
0.00
0.00
0.00
6.50
6.50
0.00
0.00
4.80
15.50
2.20
0.00
0.10
0.00
0.00
2.70
0.00
0.00
0.00
2.30
0.00
0.00
19.40
0.80
0.00
0.00
0.00
0.00
0.00
0.00
0.00
0.00
0.00
5.00
2.00
0.00
0.00
0.00
0.00
0.00
0.00
0.00
-9999.00
-9999.00
-9999.00
-9999.00
-9999.00
-9999.00
-9999.00
-9999.00
-9999.00
-9999.00
-9999.00
0.00
0.00
0.00
0.00
0.00
0.00
0.00
0.00
0.00
0.00
0.00
0.00
0.00
0.00
0.00
0.00
0.00
0.00
0.00
0.00
0.00
0.00
0.00
0.00
0.00
0.00
-9999.00
-9999.00
0.00
-9999.00
0.00
0.00
0.00
0.00
0.00
0.00
0.00
0.00
0.00
0.00
0.00
0.00
0.00
0.00
0.00
0.00
0.00
0.00
0.00
0.00
0.00
0.00
0.00
0.00
0.00
0.00
0.00
0.00
0.00
2.20
0.00
0.00
0.00
0.00
0.00
0.00
0.00
0.00
0.00
0.00
0.00
0.00
0.00
0.00
0.00
0.00
0.00
0.00
0.00
0.00
0.00
0.00
0.00
0.00
0.00
0.00
-9999.00
-9999.00
0.00
0.00
0.00
0.00
0.00
0.00
0.00
0.00
0.00
0.00
2.20
0.00
0.00
0.00
1.80
1.70
-9999.00
-9999.00
-9999.00
-9999.00
-9999.00
0.00
0.00
-9999.00
-9999.00
-9999.00
-9999.00
-9999.00
-9999.00
-9999.00
-9999.00
-9999.00
-9999.00
-9999.00
-9999.00
-9999.00
-9999.00
-9999.00
-9999.00
-9999.00
-9999.00
-9999.00
-9999.00
-9999.00
-9999.00
-9999.00
-9999.00
-9999.00
-9999.00
-9999.00
-9999.00
-9999.00
-9999.00
-9999.00
0.60
12.80
16.40
0.10
1.60
0.30
1.10
1.10
0.10
0.00
0.00
1.20
0.00
0.00
0.00
0.00
0.00
0.00
0.00
0.00
0.10
0.00
0.00
0.00
0.00
0.00
0.00
0.50
0.00
0.00
-9999.00
-9999.00
-9999.00
-9999.00
-9999.00
-9999.00
-9999.00
-9999.00
-9999.00
-9999.00
-9999.00
-9999.00
-9999.00
-9999.00
-9999.00
-9999.00
-9999.00
-9999.00
-9999.00
-9999.00
-9999.00
-9999.00
-9999.00
-9999.00
-9999.00
-9999.00
-9999.00
-9999.00
-9999.00
-9999.00
-9999.00
0.00
0.00
0.00
0.00
0.00
0.00
0.00
0.00
0.00
0.00
0.00
0.00
0.00
0.00
0.00
0.00
0.00
0.00
0.00
0.00
0.00
0.00
0.00
0.00
0.00
0.00
0.00
0.00
0.00
0.00
0.00
-9999.00
-9999.00
-9999.00
-9999.00
-9999.00
-9999.00
-9999.00
-9999.00
-9999.00
-9999.00
-9999.00
-9999.00
-9999.00
-9999.00
-9999.00
-9999.00
-9999.00
-9999.00
-9999.00
-9999.00
-9999.00
-9999.00
-9999.00
-9999.00
-9999.00
-9999.00
-9999.00
-9999.00
0.10
0.00
0.00
0.00
0.00
0.20
0.00
0.00
0.00
0.00
0.00
0.00
0.00
0.00
0.00
0.00
0.10
0.00
0.00
0.00
0.00
5.90
0.00
0.00
0.00
0.00
0.00
0.00
0.00
0.00
0.00
0.00
0.00
0.00
0.00
0.00
0.00
0.00
0.00
0.00
0.00
0.00
0.00
0.00
1.70
0.00
0.00
0.00
0.00
0.00
1.00
0.00
0.00
7.10
1.70
0.00
0.00
0.00
0.00
0.00
0.00
0.00
0.00
0.00
0.00
0.00
0.00
0.00
0.00
0.00
0.00
0.00
0.00
6.40
0.00
3.10
2.30
4.70
4.80
0.00
0.20
0.00
0.00
0.00
1.00
0.00
0.00
0.00
0.00
0.00
0.00
0.10
0.00
0.00
0.00
0.00
0.00
0.00
0.00
0.00
0.00
0.00
0.00
0.00
0.00
0.00
0.00
0.10
0.00
0.00
0.00
0.00
0.00
0.00
0.00
0.00
0.00
0.00
0.00
0.00
0.00
0.00
0.00
0.00
0.00
0.00
0.00
0.00
0.00
0.00
0.00
0.00
0.00
0.00
0.00
0.00
0.20
0.00
0.00
0.00
0.00
0.00
0.00
0.00
0.00
0.00
0.00
0.00
0.00
0.00
0.00
0.00
0.00
0.00
0.00
0.00
0.00
0.00
0.00
0.00
0.00
0.00
0.00
0.00
0.00
0.00
0.80
0.00
0.00
0.00
0.00
0.00
0.00
0.00
0.00
0.00
0.00
0.00
0.00
0.00
0.00
0.00
0.00
0.00
0.00
0.00
0.00
0.00
0.00
0.00
0.00
0.00
0.00
0.00
0.00
0.00
0.00
0.00
0.00
0.00
0.00
0.00
0.00
0.00
0.10
1.50
3.40
-9999.00
-9999.00
-9999.00
-9999.00
3.20
0.50
4.30
0.20
5.00
0.10
0.00
0.00
0.00
0.40
0.00
2.50
0.00
0.00
0.00
0.00
0.00
0.00
6.90
0.00
14.20
0.00
0.00
0.00
0.00
3.00
0.00
0.00
0.00
0.10
0.90
0.00
0.00
0.00
0.00
0.00
0.10
25.40
2.80
0.00
0.40
0.00
4.30
0.00
0.00
0.00
0.00
0.00
0.00
0.00
0.00
0.10
0.00
0.00
0.00
0.00
0.00
0.00
0.00
0.00
0.00
0.00
0.00
0.00
0.00
0.00
0.00
0.00
0.00
0.00
1.20
0.20
0.00
0.00
0.00
0.00
0.00
0.00
0.00
0.00
0.00
0.00
0.00
0.00
0.00
1.80
0.10
0.00
0.00
0.00
0.00
0.00
0.00
0.30
0.00
3.00
0.00
0.00
0.00
0.00
0.00
0.00
0.00
0.00
0.00
0.00
0.00
0.00
0.00
0.00
0.00
0.00
2.30
0.00
0.00
0.00
0.00
0.00
0.00
0.00
2.40
0.20
0.00
0.00
3.20
0.10
0.00
0.00
0.00
0.00
0.00
0.00
0.00
0.10
0.20
0.00
0.00
0.00
1.60
0.00
0.00
0.00
0.00
0.00
0.00
0.00
0.00
0.00
0.00
0.00
0.00
0.60
0.10
0.40
0.00
0.00
1.10
0.00
2.60
2.90
0.00
0.00
0.00
0.00
7.30
0.10
0.00
0.00
0.00
0.00
0.00
0.00
0.00
0.00
0.00
0.00
0.00
0.00
0.00
0.00
0.00
-9999.00
-9999.00
0.00
0.00
0.00
0.00
0.00
0.00
0.00
0.00
0.00
0.00
0.00
0.00
0.20
0.00
0.00
3.10
0.00
0.00
0.00
0.00
0.00
0.00
0.00
1.30
1.30
0.20
0.00
0.00
0.50
3.10
0.00
0.00
0.00
0.00
0.00
0.00
0.00
0.00
0.70
0.50
0.00
0.00
0.00
0.00
0.00
0.00
0.00
0.00
0.00
0.00
0.00
0.00
0.00
0.00
0.00
0.00
0.00
0.00
0.00
0.00
0.00
0.00
0.00
0.00
0.00
0.00
0.00
0.00
0.00
0.00
0.00
0.00
0.00
0.00
0.00
0.00
0.00
0.00
0.00
2.20
0.00
0.00
0.00
0.00
0.00
0.00
0.00
5.40
3.10
0.10
0.00
0.00
0.00
0.00
0.00
0.00
0.00
0.00
0.00
0.00
0.50
1.80
0.00
0.00
0.00
0.00
0.00
0.00
0.00
0.00
0.00
0.00
0.00
0.00
0.00
0.00
0.00
0.00
0.00
0.00
0.00
0.00
0.00
0.00
0.00
0.00
0.00
0.00
0.00
0.00
0.00
0.00
0.00
0.00
0.00
0.00
0.00
0.00
0.00
0.00
0.00
0.00
0.00
0.00
0.00
0.00
16.80
0.00
0.00
0.00
0.00
0.00
0.00
0.00
0.00
0.00
0.90
0.00
0.00
0.70
0.50
0.00
0.00
0.00
0.00
0.00
0.00
0.00
0.00
0.00
0.00
0.00
0.00
0.00
0.00
0.00
0.00
0.00
0.00
0.00
0.00
0.00
0.00
0.00
0.00
0.00
0.00
0.20
0.00
0.00
0.00
0.00
0.00
0.00
0.00
0.30
0.00
0.00
0.00
0.00
0.00
0.00
0.00
0.00
0.00
0.00
0.00
0.00
0.40
0.00
0.50
0.00
0.00
0.00
0.00
0.00
0.00
0.00
0.00
0.00
0.00
0.00
0.00
0.00
0.00
0.00
11.00
0.00
0.00
0.00
0.00
0.00
0.60
0.00
0.00
0.00
0.00
0.00
-9999.00
-9999.00
9.50
0.00
0.00
0.00
0.00
2.00
0.00
0.00
0.00
0.00
0.00
0.00
9.40
1.30
20.90
0.00
0.00
0.00
0.00
5.00
2.20
3.90
0.00
0.00
0.00
1.10
0.00
0.80
2.30
6.40
0.30
9.20
3.60
0.00
10.40
23.90
7.10
0.00
0.00
1.40
0.00
9.20
13.90
0.10
0.20
33.70
4.80
12.10
10.90
0.00
0.00
0.00
0.00
0.00
0.00
0.00
0.20
1.80
9.70
14.20
0.00
0.00
3.50
2.30
11.30
0.00
0.50
5.40
14.50
0.10
0.00
0.00
3.80
12.00
0.00
0.00
0.00
0.00
0.00
0.00
1.00
9.70
6.10
0.00
0.00
0.00
0.30
0.70
0.00
0.00
0.00
0.00
0.00
0.90
0.00
0.00
3.70
0.00
0.00
0.00
0.00
0.00
0.00
0.10
3.40
4.00
0.00
0.00
0.00
7.50
0.30
4.40
0.00
0.00
0.00
0.50
0.00
0.00
0.00
0.00
0.00
3.40
0.10
0.20
0.00
0.00
0.30
0.00
2.70
0.50
0.00
0.00
0.00
1.10
0.10
0.00
0.00
0.00
0.00
0.00
0.00
0.00
0.00
0.00
0.00
0.00
0.00
0.00
0.00
2.00
0.00
0.00
0.00
0.00
0.80
7.10
12.00
0.00
1.00
3.80
51.20
4.60
0.00
11.00
15.90
0.50
0.20
0.20
2.20
0.10
0.00
0.00
0.00
0.00
0.00
1.00
0.00
0.00
0.00
0.00
0.00
0.00
0.00
0.00
0.00
0.00
0.00
0.00
0.00
0.00
0.00
0.00
0.00
0.00
0.00
0.00
0.00
0.00
0.00
0.00
0.00
0.00
0.00
0.00
18.20
-9999.00
-9999.00
0.00
0.00
0.00
0.00
0.00
0.00
0.00
0.00
0.00
0.00
0.00
0.00
0.10
0.50
0.00
0.00
0.00
0.00
0.00
0.00
0.00
0.00
0.00
0.00
0.00
0.60
0.50
0.00
0.40
0.00
0.00
0.00
0.00
0.00
0.00
0.00
0.00
0.00
0.00
0.00
0.00
0.00
0.00
0.00
0.00
0.00
0.00
0.00
0.00
0.00
0.00
0.00
0.00
0.00
0.00
0.00
0.00
0.30
0.00
0.00
0.00
0.00
0.00
0.00
0.00
0.00
0.00
0.00
0.00
0.00
0.00
0.00
0.00
0.00
0.00
0.00
0.00
0.00
0.00
0.00
0.00
0.00
5.50
0.50
27.20
6.10
0.00
0.00
0.00
0.00
1.70
1.00
0.00
0.00
0.00
0.00
0.00
0.00
0.00
0.00
0.00
0.00
0.00
0.00
0.00
0.00
0.00
0.00
0.00
0.00
0.00
0.00
0.00
0.00
0.00
0.00
9.00
11.70
0.00
0.30
2.40
0.30
0.00
0.00
0.00
0.00
0.00
0.00
0.00
0.00
0.00
0.00
0.00
0.00
0.00
0.00
0.00
0.00
0.00
0.00
0.00
0.00
0.00
0.00
-9999.00
-9999.00
71.50
4.30
19.50
3.10
11.00
0.00
0.20
0.00
1.90
-9999.00
-9999.00
-9999.00
-9999.00
-9999.00
-9999.00
-9999.00
0.00
0.00
0.00
0.00
0.00
0.00
13.30
6.90
1.60
0.50
4.00
0.10
0.00
0.30
0.30
29.70
3.40
0.00
0.00
5.90
12.70
0.00
-9999.00
-9999.00
-9999.00
3.80
12.40
4.60
0.00
0.00
2.90
7.60
0.20
2.80
22.50
25.10
1.90
0.00
20.10
0.00
0.20
8.20
4.70
0.00
0.10
0.00
0.00
0.00
0.50
0.00
7.00
1.00
8.20
20.00
1.80
6.00
22.20
0.00
0.00
0.00
0.00
0.00
0.00
0.00
0.00
0.00
0.00
0.00
0.00
0.00
0.00
0.00
0.00
0.00
0.00
0.00
0.00
0.00
0.00
0.00
0.00
0.00
0.00
0.00
0.00
0.00
0.00
0.00
0.00
0.00
0.00
0.00
0.00
0.00
0.00
0.00
0.00
0.00
0.00
0.00
0.00
0.00
0.00
0.00
0.00
0.00
0.00
0.00
0.00
0.00
0.00
0.00
0.00
0.00
0.00
0.00
0.00
0.00
0.00
0.00
0.00
0.00
0.00
0.00
0.00
0.00
0.00
0.00
0.00
0.00
2.30
0.00
1.10
0.00
0.00
0.00
0.00
0.00
0.00
0.80
0.00
0.70
1.90
18.50
1.10
3.00
0.10
0.00
13.00
0.00
0.00
0.00
0.00
0.00
-9999.00
-9999.00
0.00
0.00
0.00
0.90
0.00
0.00
0.00
0.00
0.00
0.20
0.00
1.30
0.70
2.50
0.00
0.00
0.00
0.00
0.00
0.00
0.00
48.40
1.70
0.00
0.20
0.00
0.00
0.00
2.40
0.50
5.20
0.00
27.10
1.10
0.00
0.00
0.00
0.00
0.00
0.00
0.00
0.00
0.00
0.00
0.00
0.00
0.00
0.00
0.00
0.00
0.00
0.00
0.00
0.00
0.00
0.00
0.00
0.00
0.00
0.00
0.00
0.00
0.00
0.00
0.00
0.00
0.00
0.00
0.00
0.00
0.00
0.00
0.10
0.00
0.00
0.00
0.00
0.00
0.00
0.00
0.00
0.00
0.00
0.00
0.00
0.00
0.00
0.00
0.00
0.00
0.00
0.00
0.00
0.00
0.00
0.00
0.00
1.50
0.00
0.50
0.00
0.00
0.00
0.00
0.00
0.00
0.00
0.00
0.00
0.00
0.00
0.80
7.70
6.00
1.50
0.00
0.00
0.00
0.00
0.00
0.00
0.00
0.00
0.00
0.00
0.00
0.00
0.00
0.00
0.00
0.00
0.00
0.00
0.00
0.00
0.00
0.20
0.00
0.00
0.00
0.00
0.00
0.00
0.00
0.00
0.00
0.00
22.50
1.50
13.20
9.80
0.00
0.00
0.00
0.00
10.20
3.10
0.10
0.00
0.00
0.00
0.00
0.00
0.00
0.00
0.00
0.00
0.00
0.00
0.30
3.80
4.00
0.00
0.00
0.00
0.00
0.00
0.10
1.30
-9999.00
-9999.00
0.00
0.00
14.30
9.10
7.20
0.60
7.80
7.00
0.10
0.20
0.10
5.10
2.10
3.70
0.40
0.00
0.00
0.00
0.90
3.00
0.30
5.40
0.50
0.00
7.20
11.70
4.30
0.00
0.10
0.10
0.00
0.00
0.00
0.00
15.50
4.80
0.00
0.00
0.00
0.00
0.00
0.00
12.30
0.00
0.00
0.00
2.60
4.20
26.50
12.70
2.00
2.00
11.70
0.10
0.00
0.00
1.70
0.00
0.00
4.30
7.30
4.30
0.00
0.00
0.00
0.00
0.00
0.10
0.00
0.00
0.00
0.00
0.00
0.00
5.30
0.00
0.00
0.00
0.00
0.00
0.00
0.00
0.00
0.00
0.00
0.00
0.00
0.20
0.00
0.00
0.60
3.80
3.10
0.90
3.20
25.00
16.00
2.20
1.60
0.10
2.60
0.50
0.50
0.00
0.00
0.00
0.00
0.00
0.00
0.00
0.00
0.00
0.00
0.00
0.00
0.00
0.00
0.00
0.00
0.00
0.00
0.00
0.00
0.00
0.00
0.00
0.00
0.00
0.00
0.00
0.00
0.00
0.00
0.00
0.00
0.00
0.00
0.00
0.00
0.00
0.00
0.00
0.00
0.00
0.00
0.00
0.00
0.00
0.00
7.90
0.90
0.20
0.10
0.00
0.00
0.10
0.00
0.00
0.30
0.00
3.00
3.00
4.10
0.00
0.00
0.00
1.80
0.30
3.20
0.00
0.00
0.00
0.00
0.50
0.30
0.00
0.00
0.00
0.00
0.30
2.80
0.00
0.70
0.20
2.20
3.70
0.00
0.00
0.00
0.00
0.00
3.50
15.40
0.00
1.50
0.70
0.10
0.00
0.00
0.00
0.00
1.10
0.40
0.10
1.90
0.20
0.00
0.00
0.00
0.10
0.00
0.00
0.00
0.00
0.00
0.00
0.00
0.00
0.00
0.00
0.00
0.00
0.00
0.00
0.00
0.00
0.00
0.00
0.00
0.00
0.00
0.00
0.00
0.00
0.00
0.00
0.00
0.00
0.00
0.00
0.00
0.00
0.00
0.00
0.00
0.00
0.00
0.00
0.00
0.00
0.00
0.00
0.00
0.00
0.00
0.00
0.00
0.00
0.00
0.00
0.00
0.00
0.00
0.00
0.00
0.00
0.00
0.00
0.00
0.00
0.00
0.00
0.00
0.00
0.00
0.00
0.00
0.00
0.00
0.00
0.00
0.00
0.00
0.00
0.00
0.00
0.00
0.00
0.00
0.00
0.00
0.00
0.00
0.00
0.00
0.00
0.00
0.00
0.00
0.00
0.00
0.00
0.00
0.00
0.00
0.00
0.00
0.00
0.00
0.00
0.00
0.00
0.00
0.00
0.00
0.00
0.00
0.00
0.00
0.00
0.00
0.00
2.80
0.00
0.00
2.00
0.00
0.10
0.00
0.00
13.00
13.00
0.00
0.00
0.00
0.00
0.00
0.00
0.00
1.60
0.00
0.00
0.00
0.00
0.00
0.00
0.00
0.00
0.00
0.00
0.00
0.00
0.00
0.10
0.00
0.00
0.00
0.00
0.00
0.00
0.00
0.00
0.00
0.00
0.00
0.00
0.00
0.00
0.00
0.70
0.00
4.20
0.00
0.00
0.00
0.00
0.00
0.40
0.00
0.40
0.00
0.00
0.00
0.00
0.00
0.00
0.00
0.00
0.00
0.00
0.00
0.00
0.00
0.00
0.00
0.00
0.00
0.70
1.20
0.00
0.00
0.00
0.00
0.00
0.00
0.00
0.00
0.00
0.00
0.00
0.00
0.00
0.00
0.00
0.00
0.00
0.00
0.00
0.00
0.00
0.00
0.00
0.00
0.00
0.90
13.70
0.00
-9999.00
-9999.00
-9999.00
-9999.00
-9999.00
-9999.00
-9999.00
-9999.00
-9999.00
-9999.00
-9999.00
-9999.00
-9999.00
-9999.00
-9999.00
-9999.00
-9999.00
-9999.00
-9999.00
-9999.00
-9999.00
-9999.00
-9999.00
-9999.00
-9999.00
-9999.00
-9999.00
-9999.00
-9999.00
-9999.00
-9999.00
-9999.00
-9999.00
-9999.00
-9999.00
-9999.00
-9999.00
-9999.00
-9999.00
-9999.00
-9999.00
-9999.00
-9999.00
-9999.00
-9999.00
-9999.00
-9999.00
-9999.00
-9999.00
-9999.00
-9999.00
-9999.00
-9999.00
-9999.00
-9999.00
-9999.00
-9999.00
-9999.00
-9999.00
-9999.00
-9999.00
-9999.00
-9999.00
-9999.00
-9999.00
-9999.00
-9999.00
-9999.00
-9999.00
-9999.00
-9999.00
-9999.00
-9999.00
-9999.00
-9999.00
-9999.00
-9999.00
-9999.00
-9999.00
-9999.00
-9999.00
-9999.00
-9999.00
-9999.00
-9999.00
-9999.00
-9999.00
-9999.00
-9999.00
-9999.00
-9999.00
-9999.00
-9999.00
-9999.00
-9999.00
-9999.00
-9999.00
-9999.00
-9999.00
-9999.00
-9999.00
-9999.00
-9999.00
-9999.00
-9999.00
-9999.00
-9999.00
-9999.00
-9999.00
-9999.00
-9999.00
-9999.00
-9999.00
-9999.00
-9999.00
-9999.00
-9999.00
-9999.00
-9999.00
-9999.00
-9999.00
-9999.00
-9999.00
-9999.00
-9999.00
-9999.00
-9999.00
-9999.00
-9999.00
-9999.00
-9999.00
-9999.00
-9999.00
-9999.00
-9999.00
-9999.00
-9999.00
-9999.00
-9999.00
-9999.00
-9999.00
-9999.00
-9999.00
-9999.00
-9999.00
-9999.00
-9999.00
-9999.00
-9999.00
-9999.00
-9999.00
-9999.00
-9999.00
-9999.00
-9999.00
-9999.00
-9999.00
-9999.00
-9999.00
-9999.00
-9999.00
-9999.00
-9999.00
-9999.00
-9999.00
-9999.00
-9999.00
-9999.00
-9999.00
-9999.00
-9999.00
-9999.00
-9999.00
-9999.00
-9999.00
-9999.00
-9999.00
-9999.00
-9999.00
-9999.00
-9999.00
-9999.00
-9999.00
-9999.00
-9999.00
-9999.00
-9999.00
-9999.00
-9999.00
-9999.00
-9999.00
-9999.00
-9999.00
-9999.00
-9999.00
-9999.00
-9999.00
-9999.00
-9999.00
-9999.00
-9999.00
-9999.00
-9999.00
-9999.00
-9999.00
-9999.00
-9999.00
-9999.00
-9999.00
-9999.00
-9999.00
-9999.00
-9999.00
-9999.00
-9999.00
-9999.00
-9999.00
-9999.00
-9999.00
-9999.00
-9999.00
-9999.00
-9999.00
-9999.00
-9999.00
-9999.00
-9999.00
-9999.00
-9999.00
-9999.00
-9999.00
-9999.00
-9999.00
-9999.00
-9999.00
-9999.00
-9999.00
-9999.00
-9999.00
-9999.00
-9999.00
-9999.00
-9999.00
-9999.00
-9999.00
-9999.00
-9999.00
-9999.00
-9999.00
-9999.00
-9999.00
-9999.00
-9999.00
-9999.00
-9999.00
-9999.00
-9999.00
-9999.00
-9999.00
-9999.00
-9999.00
-9999.00
-9999.00
-9999.00
-9999.00
-9999.00
-9999.00
-9999.00
-9999.00
-9999.00
-9999.00
-9999.00
-9999.00
-9999.00
-9999.00
-9999.00
-9999.00
-9999.00
-9999.00
-9999.00
-9999.00
-9999.00
-9999.00
-9999.00
-9999.00
-9999.00
-9999.00
-9999.00
-9999.00
-9999.00
-9999.00
-9999.00
-9999.00
-9999.00
-9999.00
-9999.00
-9999.00
-9999.00
-9999.00
-9999.00
-9999.00
-9999.00
-9999.00
-9999.00
-9999.00
-9999.00
-9999.00
-9999.00
-9999.00
-9999.00
-9999.00
-9999.00
-9999.00
-9999.00
-9999.00
-9999.00
-9999.00
-9999.00
-9999.00
-9999.00
-9999.00
-9999.00
-9999.00
-9999.00
-9999.00
-9999.00
-9999.00
-9999.00
-9999.00
-9999.00
-9999.00
-9999.00
-9999.00
-9999.00
-9999.00
-9999.00
-9999.00
-9999.00
-9999.00
-9999.00
-9999.00
-9999.00
-9999.00
-9999.00
-9999.00
-9999.00
-9999.00
-9999.00
-9999.00
-9999.00
-9999.00
-9999.00
-9999.00
-9999.00
-9999.00
-9999.00
-9999.00
-9999.00
-9999.00
-9999.00
-9999.00
-9999.00
-9999.00
-9999.00
-9999.00
0.00
0.00
0.00
0.00
0.00
0.00
0.00
0.00
0.00
0.00
0.00
0.00
0.00
7.20
0.50
0.00
0.20
0.00
0.00
0.00
0.00
0.00
0.00
0.00
0.00
0.20
0.00
0.00
0.00
0.00
0.00
0.00
0.00
0.00
0.10
0.00
0.00
0.00
0.00
0.00
0.00
0.00
0.00
0.00
0.00
0.70
0.00
0.00
0.00
0.00
0.00
0.00
0.00
0.00
0.00
0.00
0.00
0.00
0.00
0.00
0.00
0.00
0.00
0.00
0.00
0.00
0.00
0.00
0.00
0.00
0.00
0.00
7.70
0.40
0.00
0.00
0.00
0.00
0.00
0.00
0.00
17.30
4.40
0.00
0.00
0.00
0.00
0.00
0.00
0.00
0.00
0.00
4.90
4.80
0.80
0.30
0.00
0.10
11.20
4.90
3.10
0.00
0.00
0.00
2.50
0.10
29.90
0.10
0.00
0.00
0.00
0.00
0.70
0.00
0.00
0.00
0.00
5.50
0.00
0.00
1.20
4.60
0.00
0.00
1.50
10.00
14.10
0.40
4.60
0.40
0.40
0.00
0.00
0.00
0.00
0.00
0.00
0.00
0.00
0.00
0.30
21.30
0.00
5.50
0.80
0.00
0.00
0.00
0.00
0.00
0.00
0.00
0.00
0.00
0.00
0.40
0.00
0.00
0.00
0.00
0.00
0.00
0.00
0.00
0.00
0.00
0.00
0.00
0.00
0.00
0.00
0.00
0.00
0.00
0.00
0.00
0.00
0.00
0.00
0.00
0.00
0.00
0.00
0.00
0.00
0.00
0.00
0.00
0.00
0.00
0.00
0.00
0.00
0.00
0.00
0.00
0.00
0.00
0.00
0.00
0.00
0.00
0.00
0.00
0.00
0.00
0.00
0.00
0.00
0.00
0.00
0.00
0.00
0.00
0.00
0.00
0.00
0.00
0.00
0.00
0.00
0.00
0.00
0.00
0.00
0.00
0.00
0.00
0.00
0.00
0.00
0.00
0.00
0.00
0.00
0.00
0.00
0.00
0.00
0.00
0.00
0.00
0.00
0.00
0.00
0.00
0.00
0.00
0.00
0.00
0.00
0.00
0.00
0.00
0.00
0.00
0.00
0.00
0.00
0.00
0.00
0.00
0.00
0.00
0.00
0.00
0.00
0.00
0.00
0.50
0.10
4.10
14.00
4.70
0.00
0.00
0.00
0.00
0.00
0.00
0.00
0.00
0.00
0.00
0.00
15.90
0.20
0.00
0.90
2.20
0.00
0.00
0.00
1.30
17.30
2.70
4.50
3.80
0.10
0.10
0.00
0.00
0.00
0.00
1.10
0.00
1.90
4.90
0.00
0.50
10.70
0.50
0.00
0.00
0.00
0.00
0.00
12.30
0.10
0.30
0.40
4.40
0.10
0.00
0.40
0.00
0.00
8.50
3.40
2.80
0.10
0.00
0.00
4.40
0.00
0.80
3.00
0.00
0.00
0.00
4.80
0.10
4.20
0.00
0.00
0.10
0.00
0.00
0.00
0.00
0.00
0.00
0.00
0.00
0.00
0.00
8.60
6.00
20.60
20.50
25.70
3.40
3.10
0.20
8.60
0.00
2.20
3.30
0.00
0.20
0.20
7.80
0.00
0.00
0.00
0.00
9.00
16.10
0.00
0.00
0.00
3.00
0.20
7.20
0.70
0.00
0.00
0.00
0.10
3.00
3.60
2.20
6.10
1.60
0.00
0.00
0.00
0.00
0.00
0.00
0.00
0.00
0.00
2.40
8.50
0.00
0.00
0.00
0.00
0.00
6.00
2.60
0.00
0.00
0.00
0.00
0.00
0.00
0.00
0.00
0.90
0.10
0.00
4.30
0.50
11.50
9.00
11.70
0.00
1.90
0.00
4.50
3.10
3.10
0.00
0.10
0.00
0.00
0.00
0.00
0.10
0.30
0.00
0.00
0.00
0.00
0.00
0.00
0.00
0.00
4.30
0.10
0.00
0.00
0.00
0.00
0.00
0.00
0.00
0.00
0.00
0.00
0.00
0.00
0.00
0.00
0.00
0.00
0.00
0.00
0.00
0.00
0.00
0.00
0.00
0.00
0.00
0.00
0.00
0.00
0.00
0.00
0.00
0.00
0.10
0.00
0.70
0.00
4.80
0.00
0.10
0.50
0.00
0.00
0.00
0.20
0.00
0.00
0.00
0.00
0.00
0.00
0.00
0.60
16.80
4.30
4.70
0.00
0.00
0.00
0.00
0.00
0.00
0.00
0.00
0.00
0.00
0.00
0.00
0.00
0.00
0.00
0.00
0.00
0.00
0.00
0.00
0.00
0.00
0.00
0.00
0.00
0.00
0.00
0.00
0.00
0.00
0.00
0.00
0.00
0.00
0.00
0.00
1.10
0.00
0.00
0.00
0.00
0.00
0.00
0.00
0.00
0.00
0.00
0.10
0.00
0.00
0.00
0.00
0.00
0.00
0.00
0.00
0.00
0.00
0.00
0.00
0.00
0.00
0.00
0.00
0.00
0.00
0.00
0.00
0.00
0.00
0.00
0.00
0.00
0.00
0.00
0.00
0.00
0.00
0.00
0.00
0.00
0.00
0.00
0.00
0.00
0.00
0.00
0.00
0.00
0.00
0.00
0.00
0.00
0.00
0.00
3.50
0.00
0.00
0.00
0.00
0.00
0.00
0.00
0.00
0.00
0.00
0.00
0.00
0.00
0.00
0.00
0.00
0.00
0.00
0.00
0.00
0.00
0.00
0.00
0.00
0.00
0.00
0.00
32.10
0.90
0.00
0.00
0.00
0.00
16.50
7.80
0.30
0.00
0.00
0.00
0.00
0.00
3.40
0.10
0.00
0.00
7.10
22.00
37.80
0.20
0.00
0.00
0.20
0.20
0.00
9.70
6.90
0.00
0.10
0.00
0.00
0.00
1.70
0.00
0.00
0.00
0.00
0.00
0.00
26.70
0.00
3.60
23.10
0.30
0.10
0.10
0.20
0.00
0.00
0.00
0.00
0.00
1.60
0.10
0.00
0.00
0.00
0.00
0.00
1.00
1.30
0.00
0.00
0.00
0.00
0.00
0.00
0.00
0.00
0.00
0.00
0.00
0.00
0.00
0.00
0.00
0.00
0.10
0.30
1.20
0.10
0.10
25.80
0.00
4.20
0.10
0.00
0.00
0.00
0.00
16.10
0.40
1.40
0.00
0.00
0.00
0.00
0.00
3.70
0.10
0.00
10.20
0.00
0.00
0.00
0.00
0.00
0.00
0.00
0.00
0.00
0.00
0.00
0.00
0.00
0.00
0.00
0.00
0.00
0.00
4.20
3.40
0.00
0.00
0.10
0.00
0.00
0.00
0.00
0.00
0.00
0.00
0.00
0.00
1.00
0.00
0.00
0.00
0.00
0.00
0.00
0.00
0.00
0.00
0.00
0.00
5.90
0.80
0.00
0.00
0.00
0.00
0.00
0.00
0.00
0.00
0.00
0.00
3.70
0.10
29.20
4.70
0.80
0.00
0.00
0.00
0.00
0.00
0.00
0.00
5.90
8.90
0.00
17.10
0.00
0.90
0.10
0.00
0.00
0.00
0.00
0.00
0.00
0.00
0.00
0.00
0.00
0.00
0.00
1.50
7.80
7.00
0.90
0.50
8.30
6.10
0.00
8.10
0.00
29.20
0.40
8.70
2.00
0.00
0.00
0.00
0.00
1.50
0.00
0.00
0.00
0.00
0.00
0.00
0.00
0.00
0.00
0.00
0.00
0.00
2.40
0.00
0.00
0.20
0.40
5.10
10.80
1.80
2.10
0.00
0.00
0.00
0.00
0.00
0.00
0.00
0.00
0.00
0.00
0.00
0.00
0.00
0.00
0.00
0.00
0.00
0.00
0.00
0.00
0.00
0.00
0.00
0.00
0.00
1.20
0.00
0.00
0.00
0.00
0.00
0.00
0.00
0.00
0.50
0.00
0.00
0.00
0.00
0.00
0.00
0.00
0.00
0.00
0.00
0.10
0.00
0.00
0.00
0.00
0.00
0.00
0.00
0.00
0.00
0.00
0.00
0.00
0.00
0.00
0.00
0.00
0.00
0.00
0.00
0.00
0.00
0.00
0.00
0.00
0.00
0.00
0.00
0.00
0.00
0.00
0.00
0.00
0.00
0.00
0.00
0.00
0.00
0.00
0.00
0.00
0.10
0.00
0.00
0.00
0.00
0.00
0.00
0.00
0.00
0.00
0.00
0.00
0.00
0.00
0.00
0.00
0.00
0.00
0.00
3.10
0.00
0.00
0.00
0.40
0.00
0.00
0.00
0.00
0.00
0.00
0.00
0.00
0.00
0.40
0.00
0.00
0.00
0.00
0.00
0.00
0.00
0.40
5.00
0.00
0.20
0.00
0.00
0.50
0.00
0.00
0.00
0.00
0.00
0.00
0.00
0.00
0.10
9.90
1.80
0.00
0.00
0.00
0.00
0.00
0.80
3.70
0.00
0.00
0.00
0.00
0.00
0.00
0.60
3.20
0.00
0.00
1.10
0.60
0.40
1.70
0.00
0.00
0.00
0.00
0.00
0.00
0.00
0.00
0.00
0.00
0.00
0.00
0.00
0.00
0.00
0.00
0.00
0.00
0.00
0.00
4.90
30.20
9.40
8.40
0.50
0.00
4.90
0.80
1.70
0.10
14.10
12.30
0.00
0.00
2.40
10.00
0.00
0.00
0.00
0.00
0.00
0.00
0.00
0.00
0.00
0.00
6.80
7.80
0.20
0.00
0.20
0.80
0.00
0.00
3.60
11.40
7.00
0.00
0.00
0.00
1.40
0.60
0.30
0.00
0.00
0.00
0.00
0.00
0.00
0.00
0.00
0.00
0.00
1.80
0.60
8.50
5.30
8.80
1.90
0.00
0.00
0.00
0.00
0.00
0.00
0.00
0.00
0.50
3.00
15.10
4.00
0.00
0.00
0.00
0.00
0.00
0.00
0.00
0.00
0.60
0.00
0.00
0.00
0.00
0.00
0.00
5.30
2.90
0.00
0.00
0.00
0.00
7.80
0.00
0.00
0.00
0.00
6.00
5.30
0.90
0.00
1.50
0.00
1.40
16.20
8.90
3.60
0.00
0.00
0.00
0.00
0.00
0.00
0.00
0.00
0.00
0.00
0.00
0.00
0.00
0.00
0.00
0.00
0.00
2.10
0.10
14.50
0.00
0.00
0.00
0.00
0.00
0.20
0.00
13.80
0.70
11.00
1.20
0.00
0.60
1.50
0.00
0.00
0.00
0.00
0.00
0.00
0.00
0.20
2.20
0.00
1.20
2.90
0.00
0.00
0.00
0.00
3.10
2.30
0.00
2.90
2.20
0.00
0.00
0.00
0.00
0.00
0.00
0.00
0.00
0.00
0.00
0.00
0.00
0.00
0.00
0.00
0.00
0.00
0.00
0.00
0.00
0.00
0.10
0.00
0.00
0.00
0.00
0.00
0.00
0.00
0.00
0.00
0.00
0.00
0.00
0.00
0.00
0.00
0.00
0.00
0.00
0.00
0.00
0.00
0.00
0.00
7.70
0.00
0.00
0.00
0.00
0.00
0.00
0.00
0.00
0.00
0.00
0.00
0.00
0.00
0.00
0.00
0.00
0.00
0.00
0.00
0.00
0.00
0.00
0.00
0.00
0.00
0.00
0.50
0.00
0.00
0.00
0.00
0.00
0.00
0.00
0.00
0.00
0.00
0.00
0.00
0.00
0.00
0.00
0.00
0.00
0.00
0.00
0.00
0.00
0.00
0.00
0.00
0.00
0.00
0.00
0.00
0.00
0.00
0.00
0.00
0.00
0.00
0.00
0.00
0.00
0.00
0.00
0.00
0.00
0.00
0.00
0.00
0.00
0.00
0.00
0.00
0.00
0.00
0.00
0.00
0.00
0.00
0.00
0.00
0.00
0.00
0.00
0.00
0.90
0.60
0.00
0.00
0.00
0.00
0.00
0.00
0.00
0.00
0.00
0.00
0.00
0.00
0.00
0.00
0.00
0.00
0.00
0.00
0.00
0.00
0.00
0.00
0.00
0.00
0.30
0.60
0.00
0.00
0.80
0.60
0.10
12.00
0.00
0.00
0.00
1.60
0.10
0.00
12.90
0.00
0.10
0.00
0.00
8.10
0.00
0.50
0.00
0.00
0.00
0.00
14.00
17.10
5.20
1.50
0.00
17.90
1.70
0.00
0.00
0.00
0.00
0.00
0.00
0.00
0.30
0.00
0.00
0.00
0.00
0.00
23.50
7.40
0.00
0.00
0.00
0.00
0.00
7.20
6.30
0.20
0.00
0.00
1.40
0.00
0.00
0.10
3.70
0.00
0.00
0.50
0.30
1.70
0.00
4.10
12.80
5.20
0.00
0.00
0.00
0.00
0.00
0.00
0.00
9.90
0.00
0.00
0.00
0.00
0.00
0.00
0.00
0.00
0.00
0.80
0.00
2.80
0.00
0.10
0.00
0.00
0.00
0.00
0.00
0.00
0.00
0.00
0.00
0.00
0.00
0.00
0.00
0.00
1.80
0.00
0.00
0.00
0.00
0.00
0.00
0.00
0.00
0.00
0.00
4.00
8.20
0.00
0.10
0.10
0.00
0.00
0.00
0.00
0.00
0.00
0.00
0.00
0.00
0.00
0.00
0.00
0.00
0.00
0.00
0.00
0.80
0.00
0.00
3.50
2.70
4.20
2.40
4.10
14.20
1.60
0.00
0.00
0.00
0.00
0.00
0.00
0.00
0.00
0.00
0.00
0.00
0.00
0.00
0.00
0.00
0.00
0.00
0.00
0.00
0.00
0.00
0.10
0.00
0.00
0.00
0.00
0.00
0.00
10.80
8.90
37.20
19.40
0.60
0.20
3.30
0.30
0.00
0.00
0.00
0.00
0.00
0.00
24.50
0.10
0.00
0.00
0.00
0.00
6.40
5.10
0.00
3.20
0.10
0.10
0.00
0.00