1 1 1992
76 
0.0
0.0
0.0
0.0
0.0
0.0
0.0
0.0
0.0
0.0
0.0
0.0
0.0
0.0
0.0
0.0
0.0
0.0
0.0
0.0
0.0
0.0
0.0
0.0
0.0
0.0
0.0
16.5
0.0
0.0
0.0
0.0
0.0
0.0
0.0
0.0
0.0
0.0
0.0
0.0
0.0
0.0
0.0
0.0
0.0
0.0
0.0
4.7
8.4
24.2
0.0
0.0
0.0
0.0
3.4
0.0
0.0
0.0
0.0
0.0
0.0
0.0
0.0
0.0
0.0
0.0
0.0
0.0
0.0
0.0
0.0
0.0
0.0
0.0
0.0
0.0
0.0
0.0
0.0
0.0
0.0
0.0
0.0
1.3
0.0
0.0
0.0
0.0
0.0
24.0
0.2
3.0
2.7
14.8
1.2
0.1
7.1
0.2
4.9
0.0
0.0
0.0
0.0
0.0
0.0
0.0
0.0
0.0
0.0
0.0
0.0
0.0
0.0
0.0
0.0
3.2
0.0
0.0
0.0
0.0
0.0
0.0
0.0
0.0
0.0
0.0
0.0
0.0
0.0
0.0
0.0
0.0
0.0
0.0
0.0
0.0
0.0
0.0
0.0
0.0
3.5
0.0
0.0
0.0
1.4
0.0
0.0
0.0
0.0
0.0
0.0
0.0
0.0
0.0
0.0
0.0
0.0
0.0
0.0
0.0
0.0
0.0
0.0
0.0
1.9
2.0
9.6
0.0
4.4
0.0
0.0
11.3
9.5
9.0
0.0
0.0
0.0
0.0
0.0
0.0
0.0
0.0
0.0
0.0
0.0
0.0
0.0
0.0
0.0
0.0
0.0
0.0
0.0
0.0
0.0
0.0
0.0
3.6
0.0
0.0
0.0
0.0
0.0
0.0
0.0
0.0
0.0
0.0
0.0
0.0
0.0
0.0
0.0
0.0
0.0
0.0
0.0
0.0
0.0
0.0
0.0
0.0
0.0
0.0
0.0
0.0
0.0
0.0
0.0
0.0
0.0
0.0
0.0
0.0
0.0
0.0
0.0
0.0
0.0
0.0
0.0
0.0
0.0
0.0
0.0
0.0
0.0
0.0
0.0
0.0
0.0
0.0
0.0
0.0
0.0
0.0
0.0
0.0
0.0
0.0
0.0
0.0
0.0
0.0
0.0
0.0
0.0
0.0
0.9
16.1
0.0
0.0
0.0
0.0
0.1
0.0
0.0
0.0
0.0
0.0
0.0
12.6
0.0
4.1
14.1
0.0
0.0
0.0
5.9
25.7
0.0
11.6
16.4
4.9
0.0
0.0
0.0
0.0
0.0
0.0
0.0
0.0
0.0
3.9
0.0
0.0
0.0
0.0
0.4
0.0
0.0
0.0
0.2
0.6
0.0
0.0
0.0
0.0
0.0
8.8
0.0
0.0
0.0
0.0
0.0
0.0
0.0
0.0
0.0
0.0
0.0
0.0
0.0
0.0
0.0
0.0
0.0
0.0
12.5
0.0
1.3
0.0
0.0
0.0
0.0
0.0
0.0
0.0
0.0
8.6
0.0
0.0
0.0
0.0
0.0
0.0
0.0
0.0
0.0
0.0
0.0
0.0
0.0
0.0
0.0
0.0
0.0
0.0
0.0
0.0
0.0
0.0
0.0
0.0
0.0
0.0
0.0
0.0
0.0
0.0
0.0
0.0
0.0
0.0
0.0
0.0
0.0
0.0
0.0
0.0
0.0
0.0
0.0
0.0
0.0
0.0
0.0
0.0
0.0
2.0
0.0
0.0
0.0
0.0
0.0
0.0
2.0
4.0
0.0
0.0
0.0
0.0
0.0
0.0
0.0
0.0
0.0
0.0
0.0
0.0
0.0
0.0
3.1
0.0
0.0
0.0
0.0
0.0
0.0
0.0
0.0
3.5
0.0
0.0
0.0
0.0
0.0
11.4
0.0
0.0
0.0
0.0
0.0
0.0
0.0
0.0
0.0
0.0
15.9
0.0
0.0
0.0
0.0
0.0
0.0
0.0
0.0
0.0
0.0
0.0
0.0
0.0
0.0
0.0
0.0
0.0
0.0
0.3
0.0
9.3
0.0
0.0
0.0
0.0
0.0
0.0
0.0
0.0
0.0
4.8
7.6
0.0
0.0
12.1
3.5
2.4
0.0
0.0
0.0
0.0
0.0
0.0
0.0
0.0
2.8
0.0
0.0
11.9
5.6
0.0
0.0
0.0
0.0
0.0
0.0
0.0
0.0
0.0
6.5
0.0
2.8
0.0
0.0
0.0
0.0
0.0
0.0
0.0
0.0
0.0
0.0
0.0
0.8
0.9
2.0
0.0
0.0
0.0
0.0
0.0
0.0
0.0
0.0
0.0
0.0
0.0
0.0
0.0
0.0
0.0
0.0
0.0
0.0
0.0
0.0
0.0
0.0
0.0
0.0
0.0
0.0
0.0
0.0
0.0
0.0
0.0
0.0
0.0
0.0
0.0
0.0
0.0
0.0
0.0
0.0
0.0
0.0
0.0
0.0
0.0
0.0
0.0
0.0
0.0
0.0
0.0
0.0
0.0
0.0
0.0
0.0
0.0
0.0
0.0
0.0
0.0
0.0
1.4
0.0
0.0
0.0
0.0
0.0
0.0
0.0
0.0
0.0
0.0
0.0
0.0
0.0
0.0
0.0
0.0
0.0
0.0
0.0
0.0
0.0
0.0
0.0
0.0
0.0
0.0
0.0
0.0
0.0
0.0
0.0
0.0
0.0
0.0
0.0
0.0
0.0
0.0
3.0
0.0
0.0
0.0
0.0
0.0
0.0
0.0
0.0
0.0
0.0
0.0
2.7
0.0
0.0
0.0
0.0
1.1
0.0
8.2
0.0
0.0
3.2
7.1
0.0
2.7
0.0
0.0
4.9
0.0
0.0
0.0
0.0
0.0
0.0
0.0
0.0
0.0
0.0
16.5
0.0
0.0
9.3
5.5
0.0
10.4
16.8
1.8
0.0
4.9
0.0
0.0
2.8
0.0
0.0
0.8
0.0
0.0
0.0
0.0
0.0
0.0
0.0
0.0
0.0
0.0
0.0
0.0
0.0
0.0
0.0
0.0
0.0
0.0
0.0
0.0
0.0
0.0
0.0
0.0
0.0
0.0
0.0
0.0
0.0
0.0
0.0
0.0
0.0
0.0
0.0
0.0
0.0
0.0
0.0
0.0
0.0
0.0
0.0
0.0
0.0
0.0
0.0
0.0
0.0
0.0
0.0
0.0
0.0
0.0
30.8
0.0
0.0
0.0
9.4
0.0
0.0
0.0
0.0
0.0
0.0
0.0
0.0
0.0
0.0
0.0
0.0
0.0
0.0
0.0
0.0
0.0
0.0
0.0
0.0
0.0
0.0
0.0
9.6
1.0
0.0
0.0
0.6
0.0
0.0
0.0
0.0
0.0
0.0
0.0
0.0
7.1
0.0
0.0
0.0
0.0
0.0
0.0
0.0
0.0
0.0
0.0
0.0
17.3
0.0
0.0
0.0
0.0
0.0
0.0
0.0
0.0
0.0
0.0
0.0
0.0
0.0
0.0
0.0
0.0
0.0
0.0
0.0
0.0
0.0
0.0
0.0
0.0
0.0
0.0
0.0
0.0
0.0
0.0
0.0
0.0
0.0
0.0
0.0
0.0
0.0
0.0
0.0
0.0
0.0
0.0
0.0
0.0
0.0
24.5
0.0
0.0
0.0
1.5
0.0
0.0
1.2
8.6
0.0
0.0
0.0
0.0
0.0
0.0
0.0
0.0
0.0
0.0
2.0
0.0
1.5
0.0
0.0
0.0
0.0
0.0
0.0
6.4
0.0
5.6
2.4
4.5
0.0
0.0
0.0
0.0
0.0
0.0
0.0
0.0
0.0
0.0
0.0
0.0
0.0
0.0
0.0
0.0
0.0
0.0
0.0
0.0
0.0
0.0
8.3
0.0
0.0
0.0
0.0
0.0
0.0
0.0
0.0
0.0
0.0
0.0
0.0
0.0
0.0
0.0
0.0
0.0
0.0
0.0
0.0
0.0
0.0
0.0
0.0
0.0
0.0
0.0
0.0
0.0
0.0
0.0
0.0
0.0
0.0
0.0
0.0
0.0
0.0
0.0
0.0
0.0
0.0
0.0
0.0
0.0
0.0
0.0
0.0
0.0
0.0
0.0
0.0
0.0
0.0
0.0
0.0
0.0
0.0
0.0
0.0
0.0
0.0
0.0
0.0
0.0
0.0
0.0
0.0
0.0
0.0
0.0
0.0
0.0
0.0
0.0
0.0
0.0
0.0
0.0
0.0
0.0
0.0
0.0
0.0
0.0
0.0
0.0
0.0
0.0
0.0
0.0
0.0
0.0
0.0
0.0
0.0
0.0
0.0
0.0
0.0
0.0
0.0
0.0
0.0
0.0
0.0
7.3
0.0
0.0
0.0
3.1
0.0
0.0
1.7
0.0
0.0
0.0
0.0
0.0
0.0
0.0
0.0
0.0
0.0
0.0
0.0
0.0
0.0
0.0
0.0
4.4
11.9
0.0
0.0
4.2
0.0
0.0
0.0
0.0
0.0
0.0
0.0
0.0
0.0
0.0
0.0
18.5
7.7
0.0
0.0
0.0
0.0
0.0
0.0
0.0
0.0
0.0
0.0
0.0
0.0
0.0
0.0
0.0
0.0
0.0
0.0
0.0
0.0
0.0
0.0
0.0
0.0
0.0
0.0
0.0
0.0
0.0
0.0
0.0
0.0
6.0
0.0
0.0
0.0
0.0
0.0
0.0
0.0
0.0
0.0
0.0
0.0
0.0
0.0
0.0
0.0
0.0
0.0
0.0
0.0
0.0
0.0
0.0
0.0
0.0
7.3
0.0
0.0
0.0
0.0
0.0
0.0
0.0
0.0
0.0
0.0
0.0
0.0
0.0
0.0
0.0
5.0
0.0
0.0
0.0
0.0
0.0
0.0
0.0
0.0
0.0
0.0
0.0
0.0
0.0
0.0
0.0
0.0
0.0
0.0
0.0
0.0
0.0
1.5
1.4
0.0
0.0
0.0
1.9
0.0
0.0
0.0
0.0
0.0
0.0
0.0
0.0
0.0
0.0
0.0
0.0
0.0
0.0
0.9
0.0
0.0
0.0
0.0
1.1
4.7
0.0
0.0
0.0
0.0
5.9
0.0
0.0
0.0
0.0
0.0
0.0
0.0
0.0
0.0
0.0
0.0
0.0
0.0
0.0
0.0
0.0
0.0
0.0
0.0
0.0
0.0
0.0
0.0
0.0
0.0
0.0
0.0
0.0
0.0
0.0
0.0
0.0
0.0
0.0
0.0
0.0
0.0
0.0
0.0
0.0
0.0
2.3
1.3
0.0
0.0
0.0
0.0
0.0
2.4
1.3
0.0
0.0
0.0
0.0
0.0
0.0
0.0
0.0
0.0
0.0
0.0
0.0
0.0
0.0
0.0
0.0
0.0
0.0
0.0
0.0
0.0
0.0
0.0
0.0
0.0
0.0
0.0
0.0
0.0
0.0
0.0
0.0
0.0
0.0
0.0
0.0
0.0
0.0
0.0
12.1
0.0
0.0
0.0
0.0
0.0
0.0
0.0
1.5
0.0
0.0
0.0
0.0
0.0
0.0
0.0
8.2
4.0
0.0
0.0
0.0
0.0
0.0
0.0
0.0
0.0
0.0
0.0
0.0
0.0
0.0
0.0
0.0
0.0
0.0
0.0
0.0
0.0
0.0
0.0
0.0
0.0
0.0
0.0
0.0
0.0
0.0
0.0
0.0
0.0
0.0
0.0
0.0
0.0
0.0
0.0
0.0
0.0
0.0
0.0
0.0
0.0
0.0
0.0
0.0
0.0
0.0
0.0
0.0
0.0
0.0
0.0
0.0
0.0
0.0
23.0
0.0
0.0
0.0
0.0
0.0
0.0
0.0
0.0
0.0
0.0
0.0
0.0
0.0
1.8
0.5
0.0
0.0
0.0
0.0
0.0
0.0
0.0
0.0
0.0
0.0
0.0
0.0
0.0
0.0
0.0
0.0
0.0
0.0
0.0
0.0
0.0
0.0
0.0
0.0
0.0
0.0
0.0
0.0
0.0
0.0
0.0
0.0
0.0
0.0
0.0
0.0
0.0
0.0
0.0
0.0
0.0
0.0
0.0
0.0
0.0
0.0
0.0
0.0
2.1
0.0
0.0
0.0
0.0
0.0
0.0
0.0
0.0
0.0
0.0
0.0
0.0
0.0
0.0
5.8
17.4
1.7
0.0
0.0
0.0
0.0
0.0
0.0
0.0
0.0
0.0
0.0
0.0
0.0
7.7
0.0
0.0
0.0
2.7
3.4
0.0
0.0
0.0
0.0
0.0
0.0
17.6
0.0
20.9
0.0
0.0
0.0
0.0
3.7
3.8
8.8
0.0
0.0
7.6
0.0
0.0
0.0
5.4
1.3
11.8
1.3
8.1
0.0
24.5
18.7
5.7
0.0
4.8
0.0
0.7
11.4
9.8
0.0
20.1
11.7
4.3
16.3
8.1
0.0
0.0
0.0
0.0
0.0
0.0
0.0
0.0
5.3
6.4
8.9
0.0
0.0
2.5
10.5
9.5
1.8
0.0
10.6
10.3
0.0
0.0
0.0
13.3
5.3
0.0
0.0
0.0
0.0
0.0
0.0
0.0
11.9
0.0
0.0
0.0
0.0
0.0
0.0
0.0
0.0
0.0
0.0
2.2
0.0
0.0
0.0
0.0
0.0
0.0
0.0
0.0
0.0
0.0
0.0
6.8
0.0
0.0
0.0
0.0
9.8
3.0
4.2
0.0
0.0
0.0
0.0
0.0
0.0
0.0
0.0
0.0
2.4
0.0
0.0
0.0
0.0
0.0
0.0
6.7
0.0
0.0
0.0
4.9
2.0
0.0
0.0
0.0
0.0
0.0
0.0
0.0
0.0
0.0
0.0
0.0
0.0
0.0
0.0
0.0
2.5
0.0
0.0
0.0
0.0
0.0
7.8
7.1
0.0
2.2
2.4
56.2
0.0
0.0
13.8
14.7
2.8
0.0
0.5
3.6
0.0
0.0
0.0
0.0
0.0
0.0
0.0
0.0
0.0
0.0
0.0
0.0
0.0
0.0
0.0
0.0
0.0
0.0
0.0
0.0
0.0
0.0
0.0
0.0
0.0
0.0
0.0
0.0
0.0
0.0
0.0
0.0
0.0
0.0
0.0
16.4
1.2
0.0
0.0
0.0
0.0
0.0
0.0
0.0
0.0
0.0
0.0
0.0
0.0
0.0
0.0
0.0
0.0
0.0
0.0
0.0
0.0
0.0
0.0
0.0
0.0
0.0
0.0
0.0
0.0
0.0
3.6
0.0
0.0
0.0
0.0
0.0
0.0
0.0
0.0
0.0
0.0
0.0
0.0
0.0
0.0
0.0
0.0
0.0
0.0
0.0
0.0
0.0
0.0
0.0
0.0
0.0
0.0
0.0
0.0
0.0
0.0
0.0
0.0
0.0
0.0
0.0
0.0
0.0
0.0
0.0
0.0
0.0
0.0
0.0
0.0
0.0
0.0
0.0
0.0
0.0
0.0
0.0
0.0
0.0
0.0
4.6
31.6
0.0
0.0
0.0
0.0
0.0
0.0
1.9
0.0
0.0
0.0
0.0
0.0
0.0
0.0
0.0
0.0
0.0
0.0
0.0
0.0
0.0
0.0
0.0
0.0
0.0
0.0
0.0
0.0
0.0
0.0
0.0
25.0
3.3
1.3
0.0
0.0
0.0
0.0
0.0
0.0
0.0
0.0
0.0
0.0
0.0
0.0
0.0
0.0
0.0
0.0
0.0
0.0
0.0
0.0
0.0
0.0
0.0
0.0
0.0
0.0
25.1
16.2
10.5
15.1
11.3
0.0
0.0
0.0
0.0
0.0
0.0
0.0
0.0
0.0
0.0
0.0
0.0
0.0
0.0
0.0
0.0
0.0
0.0
0.0
0.0
0.0
0.0
0.0
0.0
0.0
-9999.0
-9999.0
-9999.0
-9999.0
-9999.0
-9999.0
-9999.0
-9999.0
-9999.0
-9999.0
-9999.0
-9999.0
-9999.0
-9999.0
-9999.0
-9999.0
-9999.0
-9999.0
-9999.0
-9999.0
-9999.0
0.0
0.0
0.0
0.0
0.0
0.0
0.0
0.0
0.0
0.0
0.0
0.0
0.0
0.0
0.0
0.0
0.0
0.0
0.0
0.0
0.0
0.0
0.0
0.0
0.0
0.0
0.0
0.0
0.0
0.0
0.0
0.0
0.0
0.0
0.0
0.0
0.0
0.0
0.0
0.0
0.0
0.0
0.0
0.0
0.0
0.0
0.0
0.0
0.0
0.0
0.0
0.0
0.0
0.0
0.0
0.0
0.0
0.0
0.0
0.0
0.0
0.0
0.0
0.0
0.0
0.0
0.0
0.0
0.0
0.0
0.0
0.0
0.0
0.0
0.0
0.0
0.0
0.0
0.0
0.0
0.0
0.0
0.0
0.0
0.0
0.0
0.0
0.0
0.0
0.0
0.0
0.0
0.0
0.0
0.0
1.0
1.8
2.0
0.0
0.0
0.0
0.0
0.0
0.0
0.0
0.0
0.0
0.0
0.0
26.0
1.8
0.0
0.0
0.0
0.0
0.0
11.8
0.0
0.0
0.0
0.0
0.0
0.0
0.0
0.0
0.0
0.0
0.0
0.0
0.0
0.0
0.0
0.0
0.0
0.5
2.6
0.0
0.0
0.0
0.0
0.0
0.0
0.0
38.1
0.0
0.0
0.0
0.0
0.0
4.8
5.7
0.0
0.0
0.0
28.4
0.0
0.0
0.0
0.0
0.0
0.0
0.0
0.0
0.0
0.0
0.0
0.0
0.0
0.0
0.0
0.0
0.0
0.0
0.0
0.0
0.0
0.0
0.0
0.0
0.0
0.0
0.0
0.0
0.0
0.0
0.0
0.0
0.0
0.0
0.0
0.0
0.0
0.0
0.0
0.0
0.0
0.0
0.0
0.0
0.0
0.0
0.0
0.0
0.0
0.0
0.0
0.0
0.0
0.0
0.0
0.0
0.0
0.0
0.0
0.0
0.0
0.0
0.0
0.5
0.0
0.0
0.4
0.4
0.0
0.0
0.0
0.0
0.0
0.0
0.0
0.0
0.0
0.0
0.0
0.0
8.6
0.0
0.0
0.0
0.0
0.0
0.0
0.0
0.0
0.0
0.0
0.0
0.0
0.0
0.0
0.0
0.0
0.0
0.0
0.0
0.0
0.0
0.0
0.0
0.0
0.0
0.0
0.0
0.0
0.0
0.0
0.0
0.0
12.7
15.0
9.7
10.8
0.0
0.0
0.0
0.0
10.3
0.0
3.6
0.0
0.0
0.0
0.0
0.0
0.0
0.0
0.0
0.0
0.0
0.0
0.0
0.0
11.2
0.0
0.0
0.0
0.0
0.0
0.0
0.0
0.0
0.0
0.0
0.0
0.0
18.9
11.2
3.5
0.0
6.5
8.0
0.0
1.5
0.0
7.3
0.0
0.0
0.0
0.0
0.0
0.0
0.0
0.0
17.2
0.0
0.0
0.0
12.6
18.8
1.1
0.0
0.0
0.0
0.0
0.0
0.0
0.0
16.6
4.4
0.0
0.0
0.0
0.0
0.0
0.0
10.0
0.0
0.0
1.7
0.0
28.1
15.3
7.6
0.0
8.7
0.0
0.0
0.0
0.0
0.0
0.0
0.0
13.0
6.1
3.9
0.0
0.0
0.0
0.0
0.0
0.0
0.0
0.0
0.0
0.0
0.0
5.9
0.0
0.0
0.0
0.0
0.0
0.0
0.0
0.0
0.0
0.0
0.0
0.0
0.0
0.0
0.0
1.0
0.0
0.0
7.6
0.0
15.4
32.7
3.9
0.0
0.0
1.9
1.6
1.7
0.0
0.0
0.0
0.0
0.0
0.0
0.0
0.0
0.0
0.0
0.0
0.0
0.0
0.0
0.0
0.0
0.0
0.0
0.0
-9999.0
-9999.0
-9999.0
-9999.0
-9999.0
-9999.0
-9999.0
-9999.0
-9999.0
-9999.0
-9999.0
-9999.0
-9999.0
-9999.0
-9999.0
-9999.0
-9999.0
-9999.0
-9999.0
-9999.0
-9999.0
-9999.0
-9999.0
-9999.0
-9999.0
-9999.0
-9999.0
-9999.0
-9999.0
-9999.0
-9999.0
0.0
0.0
0.0
0.0
0.0
0.0
0.0
3.2
0.0
1.3
1.6
0.0
0.0
0.0
0.0
0.8
0.0
0.0
0.0
0.0
0.0
0.0
0.0
0.0
0.0
0.0
0.0
0.0
4.3
0.0
0.0
0.0
11.5
2.9
0.0
0.0
0.0
0.0
0.0
17.8
0.0
0.0
3.0
0.0
0.0
0.0
0.0
0.0
0.0
2.0
3.7
0.0
6.1
0.0
0.0
0.0
0.0
0.0
0.0
0.0
0.0
0.0
0.0
0.0
0.0
24.0
6.2
0.0
0.0
0.0
0.0
0.0
0.0
0.0
0.0
0.0
0.0
0.0
0.0
0.0
0.0
0.0
0.0
0.0
0.0
0.0
0.0
0.0
0.0
0.0
0.0
0.0
0.0
0.0
0.0
0.0
0.0
0.0
0.0
0.0
0.0
0.0
0.0
0.0
0.0
0.0
0.0
0.0
0.0
0.0
0.0
0.0
0.0
0.0
0.0
0.0
0.0
0.0
0.0
0.0
0.0
0.0
0.0
0.0
0.0
0.0
0.0
0.0
0.0
0.0
0.0
0.0
0.0
0.0
3.8
0.0
0.0
0.0
0.0
0.0
0.0
0.0
0.0
0.0
0.0
0.0
0.0
0.0
1.0
0.0
0.0
0.0
0.0
0.0
0.0
0.0
0.0
0.0
0.0
0.0
0.0
0.0
0.0
0.0
0.0
0.0
0.0
0.0
0.0
0.0
0.0
0.0
0.0
5.7
0.0
0.0
0.0
0.0
17.2
6.6
0.0
0.0
0.0
0.0
0.0
0.0
0.0
0.8
0.0
0.0
0.0
0.0
0.0
0.0
0.0
0.0
0.0
0.0
0.0
0.0
0.0
0.0
0.0
0.0
0.0
0.0
0.0
0.0
0.0
0.0
0.0
0.0
0.0
0.0
0.0
0.0
0.0
0.0
4.4
0.0
0.0
0.0
0.0
0.0
0.0
0.0
0.0
2.7
0.0
0.0
0.0
0.0
0.0
0.0
0.0
0.0
0.0
0.0
0.0
0.0
0.0
0.0
0.0
0.0
1.1
0.0
0.0
0.0
0.0
0.0
0.0
0.0
0.0
0.0
0.0
0.0
0.0
0.0
0.0
0.0
0.0
0.0
0.0
0.0
0.0
0.0
0.0
0.0
0.0
0.0
0.0
0.0
6.5
9.1
5.0
0.0
0.0
0.0
0.0
0.0
0.0
0.0
0.0
0.0
0.0
0.0
0.0
0.0
3.0
2.0
0.0
0.0
0.0
0.0
0.0
21.0
0.0
0.0
0.0
0.0
0.0
0.0
0.0
0.0
0.0
0.0
0.0
0.0
0.0
0.0
0.0
0.0
0.0
0.0
3.0
0.0
0.0
0.0
0.0
0.0
0.0
0.0
0.0
0.0
0.0
0.0
0.0
0.0
0.0
7.2
0.0
0.0
5.1
0.0
0.0
0.0
4.2
0.0
0.0
0.0
0.0
0.0
0.0
0.0
3.3
0.0
0.8
0.0
0.0
0.0
0.0
0.0
0.0
0.0
0.0
0.0
8.7
8.5
1.6
0.0
0.0
0.0
0.0
0.0
0.0
0.0
0.0
0.0
0.0
0.0
0.0
0.0
0.0
0.0
0.0
0.0
0.0
0.0
0.0
0.0
8.3
0.0
0.0
0.0
0.0
0.0
0.0
0.0
0.0
0.0
0.0
0.0
0.0
0.0
0.0
5.4
0.0
4.8
0.0
0.0
0.0
0.0
0.0
0.0
0.0
0.0
0.0
0.0
0.0
0.0
0.0
0.0
0.0
0.0
0.0
0.0
0.0
0.0
0.0
0.0
0.0
0.0
0.0
0.0
0.0
0.0
0.0
0.0
0.0
0.0
0.0
0.0
0.0
0.0
0.0
0.0
0.0
0.0
0.0
0.0
0.0
0.0
0.0
0.0
0.0
0.0
0.0
0.0
0.0
0.0
0.0
0.0
0.0
0.0
0.0
0.0
0.0
0.0
0.0
0.0
0.0
0.0
0.0
0.0
0.0
0.0
0.0
0.0
0.0
0.0
0.0
0.0
0.0
0.0
0.0
0.0
0.0
0.0
0.0
0.0
0.0
0.0
0.0
0.0
0.0
0.0
0.0
0.0
0.0
0.0
0.0
0.0
0.0
0.0
0.0
0.0
0.0
0.0
0.0
0.0
0.0
0.0
0.0
0.0
0.0
0.0
0.0
0.0
0.0
0.0
0.0
0.0
0.0
0.0
0.0
0.0
0.0
0.0
0.0
0.0
0.0
0.0
0.0
0.0
0.0
0.0
0.0
0.0
0.0
0.0
0.0
0.0
0.0
0.0
0.0
0.0
13.8
0.0
0.0
0.0
0.0
0.0
2.6
0.0
0.0
0.0
0.0
0.0
0.0
0.0
0.0
0.0
0.0
0.0
0.0
0.0
0.0
0.0
17.7
1.0
0.0
0.0
2.0
0.0
3.6
0.0
0.0
33.4
0.0
5.1
0.0
20.7
0.0
0.0
0.0
0.0
0.0
0.0
0.0
0.0
0.0
0.0
0.0
0.0
0.0
0.0
0.0
0.0
0.0
26.7
11.3
0.0
0.0
0.0
0.0
0.0
0.0
6.3
0.0
1.3
0.0
0.0
0.0
0.0
0.0
0.0
0.0
0.0
0.0
0.0
0.0
0.0
3.1
0.0
0.0
0.0
0.0
0.0
0.0
0.0
0.0
2.8
15.1
0.0
0.0
0.0
0.0
0.0
0.0
0.0
0.0
0.0
0.0
0.0
0.0
0.0
6.5
17.2
0.0
0.0
0.0
0.0
0.0
0.0
0.0
0.0
0.0
0.0
0.0
0.0
0.0
0.0
0.0
9.2
2.0
0.0
0.0
0.0
0.0
0.0
0.0
0.0
0.0
0.0
0.0
0.0
0.0
0.0
0.0
0.0
0.0
0.0
0.0
0.0
0.0
0.0
0.0
0.0
0.0
0.0
0.0
0.0
0.0
0.0
0.0
0.0
0.0
0.0
0.0
0.0
0.0
0.0
0.0
0.0
0.0
0.0
0.0
0.0
0.0
0.0
0.0
0.0
0.0
0.0
0.0
0.0
0.0
0.0
0.0
0.0
0.0
0.0
0.0
0.0
0.0
0.0
0.0
0.0
0.0
0.0
0.0
20.0
0.0
0.0
0.0
0.0
0.0
0.0
0.0
0.0
0.0
0.0
6.3
5.6
2.6
0.0
0.0
7.5
11.6
6.1
0.0
0.0
0.0
0.0
6.6
18.2
8.6
0.0
0.0
0.0
0.0
0.0
0.0
0.0
0.0
0.0
0.0
6.4
0.0
2.4
0.0
5.2
0.0
1.4
5.0
0.0
15.2
0.0
4.7
0.0
0.0
0.0
0.0
0.0
0.0
0.0
0.0
0.0
0.0
0.0
0.0
22.4
0.0
6.0
3.4
0.0
0.0
0.0
0.0
0.0
0.0
0.0
0.0
0.0
0.0
0.0
0.0
0.0
0.0
0.0
0.0
0.0
0.0
0.0
0.0
0.0
0.0
0.0
0.0
0.0
0.0
0.0
0.0
0.0
0.0
0.0
0.0
0.0
0.0
0.0
0.0
0.0
0.0
0.0
0.0
0.0
0.0
0.0
0.0
0.0
0.0
0.0
0.0
0.0
0.0
0.0
0.0
0.0
0.0
0.0
0.0
0.0
0.0
0.0
0.0
0.0
0.0
0.0
0.0
0.0
0.0
0.0
0.0
0.0
0.0
0.0
0.0
0.0
0.0
0.0
0.0
0.0
0.0
0.0
0.0
0.0
0.0
0.0
0.0
0.0
0.0
0.0
0.0
0.0
0.0
0.0
0.0
0.0
0.0
0.0
0.0
0.0
0.0
0.0
0.0
0.0
0.0
0.0
0.0
0.0
0.0
0.0
0.0
0.0
0.0
0.0
0.0
0.0
0.0
0.0
0.0
0.0
0.0
0.0
0.0
0.0
0.0
0.0
0.0
0.0
0.0
4.5
9.5
0.0
0.0
0.0
0.0
0.0
0.0
0.0
0.0
0.0
0.0
0.0
21.5
0.0
0.0
0.0
3.8
0.0
0.0
0.0
0.0
0.0
15.6
0.0
4.2
5.1
0.0
0.0
0.0
0.0
0.0
0.0
0.0
-9999.0
-9999.0
-9999.0
-9999.0
-9999.0
-9999.0
-9999.0
-9999.0
-9999.0
-9999.0
-9999.0
-9999.0
-9999.0
-9999.0
-9999.0
-9999.0
-9999.0
-9999.0
-9999.0
-9999.0
-9999.0
-9999.0
-9999.0
-9999.0
-9999.0
-9999.0
-9999.0
-9999.0
-9999.0
-9999.0
-9999.0
-9999.0
-9999.0
-9999.0
-9999.0
-9999.0
-9999.0
-9999.0
-9999.0
-9999.0
-9999.0
-9999.0
-9999.0
-9999.0
-9999.0
-9999.0
-9999.0
-9999.0
-9999.0
-9999.0
-9999.0
-9999.0
-9999.0
-9999.0
-9999.0
-9999.0
-9999.0
-9999.0
-9999.0
-9999.0
-9999.0
0.0
6.8
0.0
0.0
0.0
7.7
0.0
0.0
0.0
0.0
30.0
0.0
0.0
0.0
0.0
4.3
0.0
8.2
0.0
0.0
0.0
0.0
0.0
5.5
0.0
6.6
3.8
3.1
0.0
0.0
0.0
0.0
0.0
0.0
0.0
0.0
0.0
0.0
0.0
0.0
0.0
0.0
9.3
0.0
0.0
0.0
0.0
0.0
0.0
0.0
0.0
0.0
0.0
0.0
0.0
0.0
6.8
6.6
1.8
19.7
23.5
0.0
0.0
0.0
0.0
18.0
3.0
0.0
0.0
0.0
0.0
0.0
0.0
0.0
0.0
0.0
0.0
0.0
0.0
0.0
0.0
0.0
0.0
0.0
7.5
0.0
0.0
0.0
0.0
0.0
0.0
0.0
0.0
0.0
0.0
0.0
0.0
0.0
0.0
0.0
0.0
0.0
0.0
0.0
0.0
0.0
0.0
0.0
0.0
0.0
0.0
0.0
0.0
0.0
0.0
0.0
0.0
0.0
0.0
2.0
0.0
0.0
7.8
0.0
0.0
0.0
0.0
0.0
0.0
0.0
0.0
0.0
0.0
0.0
0.0
0.0
0.0
0.0
15.5
20.0
0.0
0.0
0.0
0.0
0.0
0.0
0.0
0.0
0.0
0.0
0.0
0.0
0.0
0.0
0.0
0.0
0.0
0.0
0.0
0.0
0.0
0.0
0.0
0.0
0.0
0.0
0.0
0.0
0.0
0.0
0.0
0.0
0.0
0.0
0.0
0.0
0.0
0.0
0.0
0.0
0.0
-9999.0
-9999.0
-9999.0
-9999.0
-9999.0
-9999.0
-9999.0
-9999.0
-9999.0
-9999.0
-9999.0
-9999.0
-9999.0
-9999.0
-9999.0
-9999.0
-9999.0
-9999.0
-9999.0
-9999.0
-9999.0
-9999.0
-9999.0
-9999.0
-9999.0
-9999.0
-9999.0
-9999.0
-9999.0
-9999.0
-9999.0
0.0
0.0
0.0
0.0
0.0
0.0
0.0
0.0
0.0
0.0
0.0
0.0
0.0
0.0
0.0
0.0
0.0
0.0
0.0
0.0
0.0
0.0
0.0
0.0
0.0
0.0
0.0
0.0
0.0
0.0
0.0
-9999.0
-9999.0
-9999.0
-9999.0
-9999.0
-9999.0
-9999.0
-9999.0
-9999.0
-9999.0
-9999.0
-9999.0
-9999.0
-9999.0
-9999.0
-9999.0
-9999.0
-9999.0
-9999.0
-9999.0
-9999.0
-9999.0
-9999.0
-9999.0
-9999.0
-9999.0
-9999.0
-9999.0
-9999.0
-9999.0
-9999.0
-9999.0
-9999.0
-9999.0
-9999.0
-9999.0
-9999.0
-9999.0
-9999.0
-9999.0
-9999.0
-9999.0
-9999.0
-9999.0
-9999.0
-9999.0
-9999.0
-9999.0
-9999.0
-9999.0
-9999.0
-9999.0
-9999.0
-9999.0
-9999.0
-9999.0
-9999.0
-9999.0
-9999.0
-9999.0
-9999.0
0.0
0.0
0.0
18.5
11.8
0.0
0.0
0.0
0.0
0.0
0.0
0.0
0.0
0.0
0.0
0.0
0.0
0.0
0.0
0.0
0.0
0.0
0.0
0.0
0.0
0.0
0.0
0.0
0.0
0.0
0.0
0.0
0.0
0.0
0.0
0.0
0.0
0.0
0.0
0.0
0.0
0.0
0.0
23.3
4.0
0.0
4.5
0.0
0.0
0.0
0.0
10.4
18.6
0.0
0.0
0.0
0.0
0.0
0.0
0.0
6.2
0.0
0.0
0.0
0.0
0.0
0.0
0.0
0.0
0.0
0.0
0.0
0.0
0.0
0.0
0.0
0.0
0.0
0.0
0.0
0.0
0.0
0.0
0.0
0.0
0.0
0.0
0.0
0.0
0.0
0.0
0.0
0.0
0.0
0.0
0.0
0.0
0.0
0.0
0.0
0.0
0.0
0.0
0.0
0.0
0.0
0.0
0.0
0.0
0.0
0.0
0.0
0.0
0.0
0.0
0.0
0.0
0.0
0.0
0.0
-9999.0
-9999.0
-9999.0
-9999.0
-9999.0
-9999.0
-9999.0
-9999.0
-9999.0
-9999.0
-9999.0
-9999.0
-9999.0
-9999.0
-9999.0
-9999.0
-9999.0
-9999.0
-9999.0
-9999.0
-9999.0
-9999.0
-9999.0
-9999.0
-9999.0
-9999.0
-9999.0
-9999.0
-9999.0
-9999.0
-9999.0
14.4
8.6
0.0
1.8
0.0
13.3
8.8
0.0
8.8
0.0
23.3
0.0
26.8
0.0
0.0
0.0
0.0
0.0
0.0
0.0
0.0
0.0
0.0
0.0
0.0
0.0
0.0
0.0
0.0
0.0
0.0
0.0
0.0
0.0
0.0
6.2
16.6
5.7
4.3
0.0
0.0
0.0
0.0
0.0
0.0
0.0
0.0
0.0
0.0
0.0
0.0
0.0
0.0
0.0
0.0
0.0
0.0
0.0
0.0
0.0
0.0
0.0
0.0
0.0
2.4
0.0
0.0
0.0
0.0
0.0
0.0
0.0
0.0
0.0
0.0
0.0
0.0
0.0
0.0
0.0
0.0
0.0
0.0
0.0
0.0
0.0
0.0
0.0
0.0
0.0
0.0
0.0
0.0
0.0
0.0
0.0
0.0
0.0
0.0
0.0
0.0
0.0
0.0
0.0
0.0
0.0
0.0
0.0
0.0
0.0
0.0
0.0
0.0
0.0
0.0
0.0
0.0
0.0
0.0
0.0
0.0
0.0
0.0
0.0
0.0
0.0
0.0
0.0
0.0
0.0
0.0
0.0
0.0
0.0
0.0
0.0
0.0
0.0
0.0
0.0
0.0
0.0
0.0
0.0
0.0
0.0
0.0
0.0
0.0
0.0
0.0
0.0
0.0
0.0
0.0
0.0
0.0
0.0
0.0
0.0
0.0
0.0
0.0
0.0
0.0
0.0
0.0
0.0
3.4
0.0
0.0
0.0
0.0
0.0
0.0
5.6
0.0
0.0
0.0
0.0
0.0
0.0
0.0
9.1
0.0
0.0
0.0
0.0
0.0
0.0
0.0
8.6
0.0
0.0
0.0
0.0
0.0
0.0
0.0
0.0
0.0
0.0
5.8
0.0
0.0
0.0
0.0
0.0
0.0
0.0
0.0
0.0
0.0
0.0
0.0
0.0
0.0
0.0
0.0
0.0
0.0
0.0
0.0
0.0
0.0
0.0
8.2
35.9
4.6
3.4
0.0
0.0
5.8
6.0
0.0
0.0
24.0
9.0
0.0
0.0
15.6
0.0
0.0
0.0
0.0
0.0
0.0
0.0
0.0
0.0
0.0
0.0
9.2
2.5
0.0
0.0
0.0
0.0
0.0
0.0
14.8
7.5
1.7
0.0
0.0
0.0
0.0
0.0
0.0
13.2
8.5
4.1
0.0
0.0
0.0
0.0
0.0
0.0
0.0
0.0
0.0
14.2
2.8
13.2
0.0
0.0
0.0
0.0
0.0
0.0
0.0
0.0
0.0
0.0
26.6
0.0
4.6
0.0
0.0
0.0
0.0
0.0
0.0
0.0
0.0
0.0
0.0
0.0
0.0
0.0
0.0
0.0
9.2
0.0
0.0
0.0
0.0
0.0
10.0
0.0
0.0
0.0
0.0
9.6
7.6
0.0
0.0
0.0
0.0
8.6
13.7
13.0
0.0
0.0
0.0
0.0
0.0
0.0
0.0
0.0
0.0
0.0
0.0
0.0
0.0
0.0
0.0
0.0
0.0
0.0
0.0
4.7
6.4
0.0
0.0
0.0
0.0
0.0
0.0
0.0
15.0
0.0
15.0
0.0
0.0
0.0
0.0
0.0
0.0
0.0
0.0
0.0
0.0
15.2
0.0
0.0
0.0
10.4
0.0
0.0
0.0
0.0
0.0
5.6
0.0
0.0
4.8
0.0
0.0
0.0
0.0
0.0
0.0
0.0
0.0
0.0
0.0
0.0
0.0
0.0
0.0
1.3
1.8
0.0
0.0
0.0
0.0
0.0
0.0
0.0
0.0
0.0
0.0
0.0
0.0
0.0
0.0
0.0
0.0
0.0
0.0
0.0
0.0
0.0
0.0
0.0
0.0
0.0
0.0
0.0
0.0
0.0
0.0
0.0
0.0
0.0
0.0
0.0
0.0
0.0
0.0
0.0
0.0
0.0
0.0
0.0
0.0
0.0
0.0
0.0
0.0
0.0
0.0
0.0
0.0
0.0
0.0
0.0
0.0
0.0
0.0
0.0
0.0
0.0
0.0
0.0
0.0
0.0
0.0
0.0
0.0
0.0
0.0
0.0
0.0
0.0
0.0
0.0
0.0
0.0
0.0
0.0
0.0
0.0
0.0
0.0
0.0
0.0
0.0
0.0
0.0
0.0
0.0
0.0
0.0
0.0
0.0
0.0
0.0
0.0
0.0
0.0
0.0
0.0
0.0
0.0
0.0
0.0
0.0
0.0
0.0
0.0
0.0
0.0
0.0
0.0
0.0
0.0
0.0
0.0
0.0
0.0
0.0
0.0
0.0
0.0
0.0
0.0
0.0
0.0
0.0
0.0
0.0
0.0
0.0
0.0
0.0
0.0
0.0
0.0
0.0
0.0
0.0
0.0
0.0
0.0
0.0
0.0
0.0
0.0
0.0
0.0
0.0
7.4
0.0
0.0
0.0
0.0
0.0
0.0
0.0
0.0
0.0
0.0
10.2
0.0
0.0
0.0
0.0
0.0
0.0
0.0
18.0
0.0
43.3
4.7
0.0
0.0
23.3
0.0
0.0
0.0
0.0
0.0
0.0
0.0
0.0
0.0
0.0
0.0
0.0
0.0
0.0
30.6
1.4
0.0
0.0
0.0
0.0
0.0
13.0
0.0
0.0
0.0
8.8
0.0
0.0
0.0
0.0
7.3
0.0
7.0
0.0
0.0
0.0
0.0
0.0
0.0
20.6
0.0
0.0
0.0
0.0
0.0
0.0
6.3
0.0
0.0
0.0
0.0
0.0
0.0
0.0
0.0
0.0
0.0
0.0
0.0
9.5
0.0
0.0
0.0
0.0
0.0
0.0
0.0
0.0
0.0
0.0
0.0
0.0
0.0
0.0
0.0
0.0
0.0
0.0
0.0
0.0
0.0
0.0
0.0
0.0
0.0
0.0
0.0
13.4
0.0
0.0
0.0
0.0
0.0
0.0
0.0
0.0
0.0
0.0
0.0
0.0
0.0
0.0
0.0
0.0
0.0
1.7
0.0
0.0
0.0
0.0
0.0
0.0
11.6
10.5
0.0
16.6
11.1
2.8
5.0
0.0
0.0
0.0
0.0
0.0
0.0
0.0
0.0
0.0
0.0
0.0
0.0
0.0
0.0
0.0
0.0
0.0
0.0
0.0
0.0
0.0
0.0
0.0
0.0
0.0
0.0
0.0
17.4
25.4
37.4
0.0
0.0
0.0
5.4
0.0
0.0
0.0
0.0
0.0
0.0
13.6
5.3
0.0
0.0
0.0
0.0
0.0
16.4
0.0
0.0
0.0
0.0
0.0
0.0
0.0
0.0
0.0
0.0
0.0
0.0
11.8
0.0
0.0
9.6
12.4
6.0
5.5
0.0
0.0
0.0
0.0
12.2
4.3
0.0
1.8
0.0
0.0
0.0
0.0
0.0
0.0
0.0
0.0
0.0
0.0
0.0
17.8
4.0
0.0
4.6
0.0
0.0
0.0
0.0
0.0
0.0
0.0
0.0
0.0
0.0
0.0
5.0
0.0
0.0
0.0
0.0
0.0
0.0
0.0
0.0
0.0
0.0
0.0
0.0
0.0
0.0
0.0
0.0
0.0
0.0
0.0
0.0
0.0
0.0
0.0
0.0
0.0
0.0
0.0
0.0
0.0
0.0
0.0
0.0
0.0
0.0
0.0
0.0
0.0
0.0
0.0
0.0
0.0
0.0
0.0
0.0
0.0
0.0
0.0
0.0
0.0
0.0
0.0
0.0
0.0
0.0
0.0
0.0
0.0
0.0
0.0
0.0
0.0
0.0
0.0
0.0
0.0
0.0
0.0
0.0
0.0
0.0
0.0
0.0
0.0
0.0
0.0
0.0
0.0
0.0
0.0
0.0
0.0
0.0
0.0
0.0
0.0
0.0
3.5
0.0
0.0
0.0
0.0
0.0
0.0
0.0
0.0
0.0
0.0
0.0
0.0
0.0
0.0
0.0
0.0
0.0
0.0
0.0
0.0
0.0
0.0
0.0
0.0
0.0
0.0
0.0
0.0
0.0
0.0
0.0
0.0
0.0
0.0
0.0
0.0
0.0
0.0
0.0
0.0
0.0
0.0
0.0
0.0
3.0
0.0
0.0
0.0
0.0
0.0
0.0
4.6
0.0
10.6
0.0
0.0
0.0
4.7
-9999.0
-9999.0
-9999.0
-9999.0
-9999.0
-9999.0
-9999.0
-9999.0
-9999.0
-9999.0
-9999.0
-9999.0
-9999.0
-9999.0
-9999.0
-9999.0
-9999.0
-9999.0
-9999.0
-9999.0
-9999.0
-9999.0
-9999.0
-9999.0
-9999.0
-9999.0
-9999.0
-9999.0
-9999.0
-9999.0
-9999.0
-9999.0
-9999.0
-9999.0
-9999.0
-9999.0
-9999.0
-9999.0
-9999.0
-9999.0
-9999.0
-9999.0
-9999.0
-9999.0
-9999.0
-9999.0
-9999.0
-9999.0
-9999.0
-9999.0
-9999.0
-9999.0
-9999.0
-9999.0
-9999.0
-9999.0
-9999.0
-9999.0
-9999.0
-9999.0
-9999.0
0.0
0.0
0.0
0.0
0.0
0.0
0.0
0.0
0.0
0.0
0.0
0.0
0.0
0.0
0.0
0.0
0.0
0.0
0.0
0.0
0.0
0.0
0.0
0.0
0.0
0.0
1.6
0.0
0.0
0.0
0.0
0.0
0.0
0.0
0.0
0.0
0.0
5.7
0.0
0.0
0.0
0.0
0.0
0.0
0.0
0.0
0.0
0.0
0.0
0.0
0.0
0.0
0.0
0.0
0.0
0.0
0.0
30.0
15.8
5.8
12.8
0.0
0.0
0.0
0.0
0.0
0.0
0.0
0.0
0.0
0.0
0.0
0.0
0.0
0.0
0.0
0.0
0.0
0.0
0.0
0.0
0.0
0.0
0.0
4.6
0.0
0.0
0.0
0.0
0.0
0.0
0.0
0.0
0.0
3.1
0.0
0.0
0.0
0.0
0.0
0.0
0.0
0.0
0.0
0.0
0.0
0.0
0.0
0.0
0.0
0.0
0.0
0.0
0.0
0.0
0.0
0.0
0.0
0.0
0.0
0.0
0.0
0.0
0.0
0.0
0.0
0.0
0.0
0.0
0.0
0.0
0.0
0.0
0.0
0.0
2.0
0.0
0.0
0.0
0.0
0.0
0.0
0.0
0.0
0.0
0.0
0.0
0.0
0.0
0.0
0.0
0.0
0.0
0.0
0.0
0.0
0.0
0.0
0.0
0.0
0.0
0.0
0.0
0.0
0.0
0.0
0.0
0.0
0.0
0.0
0.0
0.0
0.0
0.0
0.0
0.0
0.0
0.0
0.0
0.0
0.0
0.0
0.0
0.0
0.0
0.0
0.0
0.0
0.0
0.0
0.0
0.0
0.0
0.0
0.0
0.0
0.0
0.0
0.0
0.0
0.0
0.0
0.0
0.0
0.0
0.0
0.0
0.0
0.0
0.0
0.0
0.0
0.0
0.0
0.0
0.0
0.0
0.0
0.0
0.0
0.0
0.0
0.0
0.0
0.0
0.0
0.0
0.0
0.0
0.0
0.0
0.0
0.0
0.0
0.0
0.0
0.0
0.0
0.0
0.0
0.0
0.0
0.0
0.0
0.0
0.0
0.0
0.0
6.8
0.0
0.0
0.0
0.0
0.0
0.0
0.0
0.0
0.0
0.0
0.0
0.0
0.0
0.0
0.0
0.0
0.0
0.0
0.0
21.8
0.0
0.0
0.0
0.0
0.0
0.0
0.0
0.0
0.0
0.0
0.0
0.0
0.0
5.1
7.4
4.2
0.0
0.0
0.0
0.0
7.2
0.0
0.0
0.0
0.0
0.0
0.0
0.0
0.0
0.0
0.0
0.0
0.0
0.0
0.0
0.0
0.0
0.0
0.0
0.0
0.0
0.0
0.0
0.0
0.0
0.0
0.0
0.0
19.2
0.0
0.0
0.0
0.0
0.0
0.0
0.0
5.6
0.0
0.0
3.0
0.0
0.0
0.0
0.0
0.0
0.0
2.2
0.0
0.0
0.0
0.0
0.0
0.0
0.0
0.0
0.0
0.0
0.0
0.0
0.0
0.0
0.0
0.0
0.0
0.0
0.0
0.0
0.0
0.0
0.0
7.9
0.0
0.0
0.0
0.0
0.0
0.0
0.0
0.0
0.0
0.0
7.0
2.0
0.0
0.0
0.0
0.0
0.0
0.0
0.0
0.0
9.8
0.0
0.0
0.0
0.0
0.0
0.0
0.0
0.0
0.0
0.0
33.2
3.8
0.0
0.0
0.0
0.0
0.0
0.0
0.0
0.0
0.0
0.0
0.0
0.0
0.0
17.4
0.0
0.0
0.0
0.0
0.0
0.0
7.8
1.6
12.2
0.0
0.0
0.0
0.0
0.0
10.8
0.0
0.0
0.0
0.0
0.0
14.8
0.0
0.0
0.0
0.0
0.0
0.0
0.0
0.0
0.0
0.0
0.0
0.0
0.0
20.0
13.2
3.0
7.8
0.0
4.2
0.0
0.0
0.0
0.0
0.0
0.0
0.0
0.0
0.0
0.0
0.0
0.0
0.0
0.0
0.0
0.0
0.0
0.0
0.0
0.0
0.0
14.7
0.0
0.0
0.0
0.0
0.0
0.0
0.0
13.0
0.0
0.0
0.0
0.0
0.0
9.3
0.0
0.0
0.0
11.5
0.0
0.0
12.2
10.0
0.0
0.0
0.0
0.0
0.0
0.0
0.0
0.0
0.0
0.0
0.0
0.0
0.0
0.0
0.0
0.0
0.0
0.0
0.0
0.0
0.0
0.0
0.0
0.0
0.0
0.0
0.0
0.0
0.0
0.0
0.0
0.0
0.0
0.0
0.0
0.0
0.0
0.0
0.0
0.0
0.0
0.0
0.0
0.0
11.5
0.0
0.0
0.0
0.0
0.0
0.0
0.0
0.0
0.0
0.0
0.0
0.0
0.0
0.0
0.0
0.0
0.0
0.0
0.0
0.0
0.0
0.0
0.0
0.0
0.0
0.0
0.0
0.0
0.0
0.0
0.0
0.0
0.0
0.0
0.0
0.0
0.0
0.0
0.0
0.0
0.0
0.0
0.0
0.0
0.0
0.0
0.0
0.0
0.0
0.0
0.0
0.0
0.0
0.0
0.0
0.0
0.0
11.8
0.0
0.0
0.0
0.0
0.0
0.0
0.0
0.0
0.0
0.0
0.0
0.0
0.0
0.0
0.0
0.0
0.0
0.0
0.0
0.0
0.0
0.0
9.6
0.0
0.0
0.0
0.0
9.2
0.0
0.0
0.0
0.0
0.0
0.0
0.0
0.0
0.0
0.0
0.0
0.0
0.0
0.0
0.0
0.0
0.0
0.0
0.0
0.0
0.0
0.0
0.0
0.0
0.0
0.0
0.0
0.0
0.0
0.0
0.0
0.0
0.0
0.0
4.5
5.3
0.0
0.0
6.8
0.0
9.1
0.0
0.0
0.0
0.0
0.0
0.0
0.0
9.4
12.3
0.0
0.0
0.0
0.0
11.3
0.0
0.0
0.0
0.0
0.0
0.0
0.0
0.0
22.2
0.0
0.0
0.0
0.0
0.0
0.0
0.0
5.3
0.0
0.0
0.0
0.0
0.0
0.0
0.0
0.0
0.0
3.8
0.0
0.0
3.0
0.0
0.0
0.0
0.0
0.0
0.0
0.0
0.0
0.0
0.0
0.0
0.0
0.0
0.0
7.3
0.0
0.0
0.0
0.0
0.0
0.0
0.0
0.0
0.0
0.0
0.0
0.0
0.0
0.0
0.0
0.0
0.0
0.0
0.0
0.0
0.0
0.0
0.0
0.0
0.0
0.0
0.0
0.0
0.0
0.0
0.0
0.0
11.5
0.0
0.0
0.0
0.0
0.0
0.0
0.0
0.0
0.0
13.8
0.0
0.0
0.0
12.6
0.0
2.8
0.0
0.0
0.0
0.0
0.0
0.0
4.8
0.0
0.0
3.8
0.0
0.0
0.0
0.0
0.0
0.0
0.0
0.0
0.0
0.0
0.0
0.0
0.0
0.0
0.0
0.0
0.0
0.0
0.0
0.0
0.0
0.0
0.0
0.0
0.0
0.0
0.0
0.0
0.0
0.0
0.0
0.0
0.0
0.0
2.7
0.0
0.0
0.0
2.5
0.0
3.5
0.0
2.1
0.0
8.4
0.0
0.0
3.5
0.0
12.2
4.5
0.0
0.0
3.9
0.0
0.0
0.0
0.0
0.0
0.0
0.0
0.0
0.0
7.2
0.0
0.0
0.0
0.0
0.0
0.0
0.0
0.0
0.0
0.0
0.0
0.0
0.0
0.0
0.0
0.0
0.0
0.0
0.0
0.0
0.0
0.0
0.0
0.0
0.0
0.0
0.0
0.0
0.0
0.0
0.0
0.0
0.0
0.0
0.0
0.0
0.0
0.0
0.0
0.0
0.0
0.0
0.0
0.0
0.0
0.0
0.0
0.0
0.0
0.0
0.0
0.0
0.0
0.0
0.0
0.0
0.0
0.0
0.0
0.0
0.0
0.0
0.0
0.0
0.0
0.0
0.0
0.0
0.0
0.0
0.0
0.0
0.0
0.0
0.0
0.0
0.0
0.0
0.0
0.0
0.0
0.0
0.0
0.0
0.0
0.0
0.0
0.0
0.0
0.0
0.0
0.0
0.0
0.0
0.0
0.0
0.0
0.0
0.0
0.0
0.0
0.0
0.0
0.0
0.0
0.0
0.0
0.0
0.0
0.0
0.0
0.0
0.0
0.0
0.0
0.0
0.0
0.0
0.0
0.0
0.0
0.0
0.0
0.0
0.0
0.0
0.0
0.0
0.0
0.0
0.0
0.0
0.0
0.0
0.0
0.0
0.0
0.0
0.0
0.0
3.6
0.0
0.0
0.0
0.0
0.0
0.0
0.0
17.1
0.0
0.0
0.0
0.0
0.0
0.0
0.0
0.0
0.0
0.0
7.2
0.0
0.0
0.0
0.0
0.0
0.0
0.0
0.0
0.0
0.0
0.0
0.0
0.0
44.5
0.0
0.0
0.0
2.4
0.0
0.0
0.0
0.0
0.0
0.0
0.0
9.2
0.0
0.0
0.0
0.0
0.0
0.0
0.0
0.0
0.0
0.0
0.0
0.0
0.0
0.0
0.0
0.0
0.0
0.0
0.0
0.0
0.0
0.0
0.0
0.0
0.0
0.0
0.0
0.0
0.0
0.0
0.0
0.0
0.0
0.0
0.0
0.0
0.0
0.0
0.0
0.0
0.0
0.0
0.0
0.0
0.0
0.0
0.0
0.0
0.0
0.0
0.0
0.0
0.0
0.0
0.0
0.0
0.0
0.0
9.8
0.0
0.0
0.0
0.0
0.0
-9999.0
-9999.0
-9999.0
-9999.0
-9999.0
-9999.0
-9999.0
-9999.0
-9999.0
-9999.0
-9999.0
-9999.0
-9999.0
-9999.0
-9999.0
-9999.0
-9999.0
-9999.0
-9999.0
-9999.0
-9999.0
-9999.0
-9999.0
-9999.0
-9999.0
-9999.0
-9999.0
-9999.0
-9999.0
-9999.0
-9999.0
-9999.0
-9999.0
-9999.0
-9999.0
-9999.0
-9999.0
-9999.0
-9999.0
-9999.0
-9999.0
-9999.0
-9999.0
-9999.0
-9999.0
-9999.0
-9999.0
-9999.0
-9999.0
-9999.0
-9999.0
-9999.0
-9999.0
-9999.0
-9999.0
-9999.0
-9999.0
-9999.0
-9999.0
-9999.0
-9999.0
-9999.0
-9999.0
-9999.0
-9999.0
-9999.0
-9999.0
-9999.0
-9999.0
-9999.0
-9999.0
-9999.0
-9999.0
-9999.0
-9999.0
-9999.0
-9999.0
-9999.0
-9999.0
-9999.0
-9999.0
-9999.0
-9999.0
-9999.0
-9999.0
-9999.0
-9999.0
-9999.0
-9999.0
-9999.0
-9999.0
-9999.0
-9999.0
-9999.0
-9999.0
-9999.0
-9999.0
-9999.0
-9999.0
-9999.0
-9999.0
-9999.0
-9999.0
-9999.0
-9999.0
-9999.0
-9999.0
-9999.0
-9999.0
-9999.0
-9999.0
-9999.0
-9999.0
-9999.0
-9999.0
-9999.0
-9999.0
-9999.0
-9999.0
-9999.0
-9999.0
-9999.0
-9999.0
-9999.0
-9999.0
-9999.0
-9999.0
-9999.0
-9999.0
-9999.0
-9999.0
-9999.0
-9999.0
-9999.0
-9999.0
-9999.0
-9999.0
-9999.0
-9999.0
-9999.0
-9999.0
-9999.0
-9999.0
-9999.0
-9999.0
-9999.0
-9999.0
-9999.0
-9999.0
-9999.0
-9999.0
-9999.0
-9999.0
-9999.0
-9999.0
-9999.0
-9999.0
-9999.0
-9999.0
-9999.0
-9999.0
-9999.0
-9999.0
-9999.0
-9999.0
-9999.0
-9999.0
-9999.0
-9999.0
-9999.0
-9999.0
-9999.0
-9999.0
-9999.0
-9999.0
-9999.0
-9999.0
-9999.0
-9999.0
-9999.0
-9999.0
-9999.0
-9999.0
-9999.0
-9999.0
-9999.0
-9999.0
-9999.0
-9999.0
-9999.0
-9999.0
-9999.0
-9999.0
-9999.0
-9999.0
-9999.0
-9999.0
-9999.0
-9999.0
-9999.0
-9999.0
-9999.0
-9999.0
-9999.0
-9999.0
-9999.0
-9999.0
-9999.0
-9999.0
-9999.0
-9999.0
-9999.0
-9999.0
-9999.0
-9999.0
-9999.0
-9999.0
-9999.0
-9999.0
-9999.0
-9999.0
-9999.0
-9999.0
-9999.0
-9999.0
-9999.0
-9999.0
-9999.0
-9999.0
-9999.0
-9999.0
-9999.0
-9999.0
-9999.0
-9999.0
-9999.0
-9999.0
-9999.0
-9999.0
-9999.0
-9999.0
-9999.0
-9999.0
-9999.0
-9999.0
-9999.0
-9999.0
-9999.0
-9999.0
-9999.0
-9999.0
-9999.0
-9999.0
-9999.0
-9999.0
-9999.0
-9999.0
-9999.0
-9999.0
-9999.0
-9999.0
-9999.0
-9999.0
-9999.0
-9999.0
-9999.0
-9999.0
-9999.0
-9999.0
-9999.0
-9999.0
-9999.0
-9999.0
-9999.0
-9999.0
-9999.0
-9999.0
-9999.0
-9999.0
-9999.0
-9999.0
-9999.0
-9999.0
-9999.0
-9999.0
-9999.0
-9999.0
-9999.0
-9999.0
-9999.0
-9999.0
-9999.0
-9999.0
-9999.0
-9999.0
-9999.0
-9999.0
-9999.0
-9999.0
-9999.0
-9999.0
-9999.0
-9999.0
-9999.0
-9999.0
-9999.0
-9999.0
-9999.0
-9999.0
-9999.0
-9999.0
-9999.0
-9999.0
-9999.0
-9999.0
-9999.0
-9999.0
-9999.0
-9999.0
-9999.0
-9999.0
-9999.0
-9999.0
-9999.0
-9999.0
-9999.0
-9999.0
-9999.0
-9999.0
-9999.0
-9999.0
-9999.0
-9999.0
-9999.0
-9999.0
-9999.0
-9999.0
-9999.0
-9999.0
-9999.0
-9999.0
-9999.0
-9999.0
-9999.0
-9999.0
-9999.0
-9999.0
-9999.0
-9999.0
-9999.0
-9999.0
-9999.0
-9999.0
-9999.0
-9999.0
-9999.0
-9999.0
-9999.0
-9999.0
-9999.0
-9999.0
-9999.0
-9999.0
-9999.0
-9999.0
-9999.0
0.0
0.0
0.0
9.7
7.1
0.0
0.0
0.0
0.0
0.0
0.0
0.0
0.0
0.0
0.0
0.0
0.0
0.0
0.0
0.0
0.0
0.0
0.0
0.0
0.0
33.8
0.0
0.0
0.0
0.0
0.0
43.3
0.0
0.0
0.0
36.4
0.0
0.0
0.0
0.0
0.0
0.0
0.0
0.0
0.0
0.0
0.0
0.0
0.0
0.0
0.0
0.0
0.0
0.0
0.0
0.0
0.0
0.0
0.0
0.0
34.0
0.0
7.0
11.3
0.0
0.0
0.0
0.0
0.0
0.0
0.0
0.0
0.0
0.0
0.0
0.0
0.0
0.0
0.0
0.0
0.0
0.0
0.0
0.0
0.0
0.0
3.5
0.0
0.0
0.0
0.0
0.0
0.0
0.0
0.0
0.0
0.0
0.0
0.0
0.0
0.0
0.0
8.0
0.0
0.0
0.0
13.4
18.5
0.0
0.0
0.0
0.0
0.0
0.0
0.0
6.2
0.0
0.0
0.0
0.0
0.0
0.0
0.0
0.0
0.0
0.0
0.0
0.0
1.2
0.0
0.0
0.0
0.0
0.0
0.0
0.0
0.0
0.0
0.0
0.0
0.0
0.0
0.0
0.0
0.0
0.0
0.0
0.0
0.0
7.1
0.0
0.0
0.0
0.0
0.0
0.0
0.0
0.0
0.0
0.0
0.0
0.0
0.0
0.0
0.0
2.1
0.0
0.0
0.0
0.0
0.0
0.0
0.0
0.0
0.0
0.0
0.0
0.0
0.0
0.0
0.0
0.0
0.0
0.0
0.0
0.0
0.0
0.0
0.0
0.0
0.0
0.0
0.0
0.0
0.0
0.0
0.0
0.0
0.0
0.0
0.0
0.0
0.0
0.0
0.0
0.0
0.0
0.0
0.0
0.0
0.0
0.0
0.0
0.0
0.0
0.0
0.0
0.0
0.0
0.0
0.0
0.0
0.0
0.0
0.0
0.0
0.0
0.0
0.0
0.0
0.0
0.0
0.0
0.0
0.0
0.0
0.0
0.0
0.0
0.0
0.0
0.0
0.0
0.0
0.0
0.0
0.0
0.0
0.0
0.0
0.0
0.0
0.0
0.0
0.0
6.2
5.6
0.0
0.0
0.0
0.0
0.0
0.0
0.0
0.0
0.0
0.0
0.0
0.0
0.0
0.0
0.0
0.0
0.0
0.0
0.0
0.0
0.0
0.0
0.0
0.0
0.0
0.0
0.0
0.0
0.0
0.0
0.0
0.0
0.0
0.0
0.0
0.0
41.2
0.0
0.0
0.0
0.0
0.0
0.0
0.0
0.0
0.0
0.0
0.0
0.0
0.0
0.0
0.0
0.0
0.0
0.0
0.0
0.0
0.0
0.0
0.0
0.0
0.0
0.0
0.0
0.0
0.0
0.0
0.0
0.0
0.0
0.0
0.0
0.0
0.0
0.0
0.0
0.0
0.0
1.7
0.0
0.0
0.0
0.0
0.0
0.0
0.0
0.0
0.0
0.0
0.0
0.0
0.0
10.6
23.8
19.1
0.0
0.0
0.0
34.0
33.9
24.0
50.0
5.0
0.0
11.5
0.0
0.0
24.0
0.0
0.0
0.0
15.0
10.0
0.0
40.0
0.0
0.0
10.2
0.0
24.5
13.0
0.0
0.0
0.0
0.0
0.0
0.0
0.0
0.0
0.0
0.0
0.0
0.0
0.0
0.0
0.0
0.0
0.0
0.0
0.0
0.0
0.0
0.0
0.0
0.0
0.0
0.0
0.0
0.0
0.0
0.0
0.0
0.0
0.0
0.0
0.0
0.0
0.0
0.0
0.0
0.0
0.0
0.0
0.0
0.0
0.0
0.0
0.0
0.0
0.0
0.0
0.0
0.0
0.0
0.0
0.0
0.0
0.0
0.0
0.0
0.0
0.0
0.0
0.0
0.0
0.0
0.0
0.0
0.0
0.0
0.0
0.0
0.0
0.0
0.0
0.0
0.0
0.0
0.0
0.0
0.0
0.0
0.0
0.0
0.0
0.0
0.0
0.0
0.0
0.0
0.0
0.0
0.0
0.0
0.0
0.0
0.0
0.0
0.0
0.0
0.0
0.0
0.0
0.0
0.0
0.0
0.0
0.0
0.0
0.0
0.0
0.0
0.0
0.0
7.0
0.0
2.0
0.0
0.0
0.0
0.0
0.0
0.0
0.0
0.0
0.0
0.0
0.0
0.0
0.0
0.0
0.0
0.0
0.0
0.0
4.6
0.0
0.0
0.0