1 5 1993
43 
4.0
0.0
0.1
0.0
1.1
14.5
0.0
0.0
0.1
0.2
5.5
18.0
0.3
0.0
0.0
0.0
0.0
0.0
0.0
0.0
0.0
0.0
5.7
0.1
0.3
0.1
0.0
0.0
0.0
0.0
0.0
0.0
0.0
0.0
0.0
0.0
0.0
0.0
0.1
0.0
0.0
0.0
0.0
0.0
0.0
0.0
0.0
0.0
6.1
0.0
0.0
0.0
0.0
0.0
0.1
0.0
0.0
0.0
0.0
0.0
0.0
0.0
0.0
0.0
0.0
0.0
0.0
0.0
0.0
0.0
0.0
0.0
0.0
0.0
0.0
0.0
0.0
0.0
0.0
0.0
0.0
0.0
0.0
0.0
0.0
0.0
0.0
0.0
0.0
0.0
0.0
0.0
0.0
0.0
0.0
0.0
0.0
0.0
0.0
0.0
0.0
0.4
0.0
0.0
0.0
0.0
0.0
0.0
0.0
0.0
0.0
0.0
0.0
0.0
0.0
0.0
0.0
0.0
0.0
0.0
0.0
0.0
0.0
0.0
0.0
0.0
0.0
0.0
0.0
0.0
0.0
0.0
0.0
0.0
0.0
0.0
0.0
0.0
0.0
0.0
1.5
0.0
0.0
0.0
1.5
0.0
0.0
0.0
0.0
0.0
0.0
0.0
0.0
2.7
0.0
0.0
0.6
1.4
0.0
14.1
0.1
0.0
0.2
11.3
1.1
6.0
0.0
0.0
2.0
0.0
0.0
0.0
0.0
0.0
0.0
0.0
0.0
0.0
10.7
6.0
0.0
0.7
15.5
0.0
7.6
0.7
13.1
0.5
0.6
2.0
1.1
0.5
0.0
0.0
0.0
5.9
0.0
0.0
0.0
0.0
0.0
0.0
0.0
0.0
0.0
0.1
0.1
0.0
0.0
0.0
0.7
0.0
0.4
0.0
0.0
0.0
0.0
0.0
0.0
0.0
0.0
0.0
0.0
0.0
0.0
0.0
0.0
1.0
0.1
0.0
0.0
0.0
0.0
0.0
0.0
0.0
0.0
0.0
0.0
5.5
0.5
0.0
0.0
0.0
0.0
0.0
0.0
0.0
0.0
5.8
34.0
0.0
0.0
0.0
3.3
3.6
0.0
0.0
0.0
0.0
0.0
0.0
0.0
0.0
0.0
0.0
0.0
0.0
0.0
0.0
0.0
0.0
0.0
0.0
0.0
0.0
0.0
0.0
10.8
3.7
0.0
0.1
3.2
0.0
0.0
0.0
0.0
0.0
0.3
0.0
2.5
6.4
0.0
0.0
0.0
0.4
0.0
0.0
0.0
0.0
0.0
1.6
14.5
10.7
0.0
0.0
0.0
0.0
0.5
0.0
0.0
0.0
0.0
0.0
0.0
0.0
0.0
0.0
0.0
0.0
0.0
0.0
0.0
0.0
0.0
1.0
0.0
0.0
0.0
0.6
0.0
0.0
0.0
0.0
0.0
0.0
0.0
0.0
0.0
0.0
0.0
0.0
0.0
0.0
0.0
0.0
0.0
0.0
9.3
14.2
0.0
0.0
0.0
3.6
0.3
0.0
0.0
1.5
1.6
0.0
0.0
0.0
0.0
0.0
0.0
0.0
0.0
0.0
0.0
0.0
0.0
0.0
0.0
0.0
0.0
0.0
0.0
8.5
0.0
1.8
0.0
12.4
0.0
0.9
0.0
0.0
0.0
0.0
1.5
0.0
0.0
0.5
0.0
0.0
0.0
0.0
0.0
0.0
0.0
0.0
0.0
0.0
0.0
0.0
0.0
0.0
0.0
0.0
0.0
0.0
0.1
0.0
0.0
0.0
0.0
0.0
0.0
0.0
0.0
0.0
0.0
0.0
0.0
0.0
0.0
0.0
0.0
0.0
0.0
0.0
0.0
0.0
0.0
0.0
0.0
0.0
0.0
0.0
0.0
0.0
0.0
0.0
0.0
0.0
0.0
0.0
0.0
0.0
0.0
0.0
0.0
0.0
0.0
0.0
0.0
0.0
0.0
0.0
0.0
0.0
0.0
0.0
0.0
0.0
0.0
0.0
0.0
0.0
0.0
0.0
0.0
1.9
0.0
0.0
0.0
0.0
0.0
0.0
0.0
0.0
0.0
0.0
0.0
0.0
0.0
0.0
0.0
0.0
0.0
0.0
0.0
0.0
0.0
0.0
0.0
0.0
0.0
0.0
0.0
0.0
0.0
0.0
0.0
0.0
0.0
0.0
0.0
0.3
0.0
2.0
3.1
0.0
0.0
0.0
0.0
0.0
31.7
0.0
0.0
0.9
0.0
0.0
0.0
0.0
0.2
1.2
0.0
0.5
0.0
0.0
0.0
0.0
0.0
0.0
0.0
0.0
15.9
0.0
0.0
7.7
0.0
0.0
0.0
1.3
2.6
1.0
0.0
0.0
0.0
0.0
0.0
28.1
8.8
0.0
1.0
0.0
0.0
4.0
0.0
0.0
0.0
0.0
0.0
0.0
0.0
0.0
0.0
0.0
0.0
0.0
0.0
0.0
0.0
0.0
0.0
0.0
0.0
0.0
0.0
0.0
0.0
0.0
0.0
0.0
0.0
4.0
0.0
0.0
0.0
0.0
0.0
0.0
0.0
0.0
0.0
0.0
0.0
0.0
0.0
0.0
0.0
0.0
0.0
0.0
0.0
0.0
0.0
0.4
0.0
5.7
0.0
0.0
0.0
0.0
0.0
0.0
0.0
0.0
0.0
0.0
0.0
0.0
0.0
0.0
0.0
0.0
0.0
5.7
0.0
0.0
0.0
0.0
0.0
0.0
0.0
0.3
0.0
0.0
0.0
0.9
0.0
0.0
0.0
0.0
0.0
0.0
0.0
0.0
1.6
0.1
0.0
0.0
0.0
3.4
0.0
0.0
0.0
0.0
0.0
0.0
0.0
0.0
0.0
0.0
0.0
0.0
1.2
0.0
3.4
3.4
0.0
0.4
0.0
6.2
5.4
0.0
0.0
0.0
0.0
6.7
0.1
0.0
0.0
0.0
4.0
0.0
0.0
0.0
0.0
0.0
0.0
0.0
0.0
0.0
0.0
0.0
0.0
0.0
0.0
0.0
0.0
0.0
0.0
0.0
0.0
0.0
0.0
0.0
0.0
0.0
0.0
0.0
0.0
0.7
0.0
0.0
0.0
0.0
0.0
0.0
0.0
4.9
1.2
0.0
0.0
0.0
1.7
4.0
0.0
0.0
0.0
0.0
0.1
0.0
0.0
0.0
0.4
0.1
0.0
0.0
0.0
0.0
0.0
0.0
0.0
0.0
0.0
0.0
0.0
0.0
0.0
0.0
0.0
0.0
0.0
0.0
0.0
0.0
0.0
0.0
0.0
0.0
0.0
0.0
0.0
0.0
0.1
0.0
0.9
2.4
0.0
0.0
0.0
0.0
0.0
0.0
0.0
7.9
0.0
0.0
0.0
0.0
0.0
0.0
0.0
3.1
10.4
0.0
0.0
0.0
0.0
0.0
0.0
0.0
0.0
0.0
0.0
0.0
0.0
0.0
0.0
0.0
0.0
0.0
0.0
0.0
0.0
0.0
0.0
0.0
0.0
0.0
0.0
0.0
0.1
0.0
0.0
0.0
0.0
0.0
0.0
0.0
0.0
0.0
0.0
0.0
0.0
0.0
0.0
0.0
0.0
0.0
0.0
0.0
0.0
0.0
0.0
0.0
0.0
0.0
0.0
0.0
0.0
4.5
0.1
0.0
0.0
0.0
0.0
0.0
0.0
0.0
0.0
0.0
0.2
0.6
0.4
2.4
0.0
0.6
0.0
0.0
0.0
0.0
0.0
0.0
0.0
0.0
0.0
0.0
0.0
0.0
0.0
0.0
0.0
0.0
0.0
0.0
0.0
0.0
0.0
0.0
0.0
0.0
0.7
0.0
0.0
0.0
0.0
0.0
0.0
0.0
0.0
4.0
0.0
0.0
0.0
0.0
0.0
0.0
0.0
0.0
0.0
0.0
0.0
0.0
0.0
0.5
0.1
0.0
0.0
0.0
0.0
0.0
0.0
0.0
0.0
0.0
0.0
0.0
0.0
0.0
3.7
5.2
21.1
3.9
0.0
0.0
0.0
0.0
1.1
0.0
0.0
0.1
0.0
0.0
0.0
0.0
6.1
0.0
0.0
0.0
3.5
1.8
0.0
0.0
0.0
0.6
0.0
16.0
0.2
0.0
20.3
0.0
0.0
0.0
0.0
4.4
3.7
4.0
0.0
1.3
4.4
0.6
0.0
1.8
10.6
2.7
12.1
1.6
7.2
0.0
26.4
20.0
8.1
0.2
2.0
0.3
7.3
14.2
6.9
0.0
32.5
15.1
2.5
17.8
5.7
0.0
0.0
0.0
0.0
0.1
0.0
2.3
0.0
4.9
0.0
14.2
10.6
0.4
3.6
1.1
5.1
2.3
0.0
17.0
10.6
0.0
0.0
0.0
21.0
8.1
0.4
0.0
0.0
0.0
0.0
0.0
0.6
7.5
3.2
0.0
0.0
0.0
0.4
2.7
0.0
0.0
0.0
0.0
0.8
1.9
0.0
0.0
0.0
2.6
0.0
0.0
0.0
0.0
0.0
1.1
8.8
0.3
0.0
0.0
0.0
12.8
4.9
5.0
0.0
0.0
0.0
0.9
0.0
0.0
0.0
0.0
0.0
8.1
0.2
0.0
0.0
0.0
0.0
0.0
8.3
2.0
0.0
0.0
0.2
1.1
0.2
0.0
0.0
0.0
0.0
0.0
0.0
0.0
0.0
0.0
0.0
0.0
0.0
0.0
0.0
0.1
0.0
0.0
0.0
0.1
0.1
8.9
6.5
0.0
2.0
4.2
41.7
6.6
0.1
14.6
19.3
0.1
4.8
0.0
6.5
0.0
0.0
0.7
0.0
0.0
0.0
1.6
0.0
0.0
0.0
0.0
0.0
0.0
0.0
0.0
0.0
0.0
0.0
0.0
0.0
0.0
0.0
0.0
0.0
0.0
0.0
0.0
0.0
0.0
0.0
0.0
0.0
0.0
0.0
0.0
16.3
0.0
0.0
0.0
0.0
0.0
0.0
0.0
0.0
0.0
0.0
0.0
0.0
0.0
0.0
3.1
0.0
0.0
0.0
0.0
0.0
0.0
0.0
0.0
0.0
0.0
0.0
1.8
0.1
3.6
0.0
1.8
0.0
0.0
0.0
0.0
0.0
0.0
0.0
0.0
0.0
0.0
0.0
0.0
0.0
0.0
0.0
0.0
0.0
0.0
0.0
0.0
0.0
0.0
0.0
0.0
0.0
0.0
0.0
0.0
2.3
0.0
0.0
0.0
0.0
0.0
0.0
0.0
0.0
0.0
0.0
0.0
0.0
0.0
0.0
0.0
0.0
0.0
0.0
0.0
0.0
0.0
0.0
0.1
0.0
0.2
0.0
45.7
0.7
0.0
0.0
0.0
0.2
0.5
1.1
0.0
0.6
0.3
0.0
0.0
0.0
0.0
0.0
0.0
0.0
0.0
0.0
0.0
0.0
0.0
0.0
0.0
0.0
0.0
0.0
0.0
0.0
0.0
0.0
23.4
9.7
0.0
0.1
0.4
0.0
0.0
0.0
0.0
0.0
0.0
0.0
0.0
0.0
0.0
0.0
0.0
0.0
0.0
0.0
0.0
0.0
0.0
0.1
0.0
0.0
0.0
0.0
0.0
32.0
15.0
14.0
6.3
16.5
10.2
0.3
0.0
2.8
0.2
0.0
0.0
0.0
0.0
0.0
0.0
0.0
0.0
0.0
0.0
0.0
0.0
0.0
28.3
1.6
0.9
0.0
8.3
0.0
0.0
0.7
12.9
9.6
1.5
11.5
9.3
10.0
7.1
19.3
11.0
2.1
1.5
16.0
14.0
0.5
0.0
0.8
14.0
0.0
1.9
0.8
23.1
14.2
0.1
0.6
12.5
0.0
10.2
5.8
10.5
0.0
0.0
0.0
0.0
0.0
0.4
4.4
0.0
6.4
14.6
10.5
0.0
13.7
8.7
0.0
0.0
0.0
0.0
0.0
0.1
0.0
0.0
0.0
0.0
0.0
0.0
0.0
0.0
0.0
0.0
0.0
0.0
0.0
0.0
0.0
0.0
0.0
0.0
0.0
0.0
0.0
0.0
0.0
0.0
0.0
0.0
0.0
0.0
0.0
0.0
0.0
0.0
0.0
0.0
0.0
0.0
0.0
0.0
0.0
0.0
0.0
0.0
0.0
0.0
0.0
0.0
0.0
0.0
0.0
0.0
0.0
0.0
0.0
0.0
0.1
0.0
0.0
0.0
1.3
0.0
0.0
0.0
0.0
0.0
0.0
0.0
0.1
0.1
0.9
0.0
0.0
0.0
0.0
0.0
0.0
0.0
0.1
0.1
5.5
4.1
76.4
0.6
7.9
0.0
2.2
0.0
0.0
0.0
0.0
0.0
0.0
0.0
0.4
0.0
0.0
0.0
0.0
0.0
0.0
0.0
0.0
0.0
0.0
0.0
3.0
0.0
1.8
0.0
0.0
0.0
0.0
0.0
0.0
0.0
37.2
0.0
0.0
0.0
0.0
0.0
6.3
2.0
0.3
0.0
30.2
1.8
2.0
0.0
0.0
0.0
0.0
0.0
0.0
0.0
0.0
0.0
0.0
0.0
0.0
0.0
0.0
0.0
0.0
0.0
0.0
0.0
0.0
0.0
0.0
0.0
0.0
0.0
0.0
0.0
0.0
0.0
0.0
0.0
0.0
0.0
0.0
0.0
0.0
0.0
0.0
0.0
0.0
0.0
0.0
0.0
0.0
0.0
0.0
0.0
0.0
0.0
0.0
0.0
0.0
0.0
0.0
0.0
0.0
0.0
0.0
0.0
0.0
0.0
0.0
0.1
0.0
0.0
0.0
0.0
0.0
0.0
0.0
0.0
0.0
0.0
0.0
0.0
0.0
0.0
0.0
26.1
0.0
0.0
0.0
0.0
0.0
0.0
0.0
0.0
0.0
0.0
0.0
0.0
0.0
0.0
0.0
0.0
0.0
0.0
0.0
0.0
0.0
0.0
0.0
0.2
0.0
0.0
0.0
0.0
0.0
0.0
0.0
1.0
0.2
8.3
18.1
10.2
10.0
1.0
0.0
0.0
0.0
4.1
0.0
0.9
0.0
0.0
0.0
0.0
0.0
0.0
0.0
0.0
0.0
0.0
0.0
1.4
0.0
19.3
0.6
0.0
0.0
0.0
0.0
0.0
0.9
0.0
0.0
0.0
0.0
0.2
15.5
21.4
3.1
5.3
4.6
5.8
0.0
2.1
0.2
12.3
0.0
8.8
0.0
0.0
0.0
0.0
1.2
3.0
5.7
3.0
0.0
0.0
6.8
15.5
5.2
0.0
0.2
0.0
0.0
0.0
0.0
0.0
24.7
5.5
0.0
0.0
0.1
0.2
0.0
0.0
9.1
0.0
0.0
2.3
2.8
24.8
20.6
6.6
0.0
3.4
10.2
0.2
0.3
0.2
0.3
0.0
0.3
2.7
5.3
8.9
0.0
0.0
0.0
0.0
0.0
0.0
0.0
0.0
0.0
0.0
0.0
4.9
0.1
0.0
0.0
0.0
0.0
0.0
0.0
0.0
0.0
0.0
0.0
0.0
0.0
0.0
0.0
2.9
0.0
3.2
2.1
1.4
6.7
24.9
12.4
1.2
1.7
0.0
2.1
0.9
0.2
0.0
0.0
0.0
0.0
0.0
0.0
0.0
0.0
0.0
0.0
0.0
0.0
0.0
0.0
0.0
0.0
0.0
0.0
0.0
0.0
0.0
0.0
0.0
0.0
0.0
0.0
0.0
0.0
0.0
0.0
0.0
0.0
0.0
0.0
0.0
0.0
0.0
0.0
0.0
0.0
0.0
0.0
0.0
0.0
0.0
5.1
9.0
0.0
0.4
0.0
0.0
0.0
0.0
0.4
0.0
0.0
0.0
3.2
5.1
3.6
0.0
0.0
7.1
0.7
3.0
0.0
0.0
0.0
0.0
0.0
3.7
0.0
0.0
0.0
0.0
0.0
0.1
8.2
0.0
0.8
6.7
11.2
0.1
2.3
0.0
0.0
0.0
0.0
19.0
0.0
0.0
5.4
0.8
0.0
0.0
0.0
0.0
1.8
0.3
0.0
0.0
3.0
0.9
0.0
0.0
0.0
0.0
0.1
0.0
0.0
0.0
0.0
0.0
9.7
14.8
0.0
0.0
0.0
0.0
0.0
0.0
0.0
0.0
0.0
0.0
0.0
0.0
0.0
0.0
0.0
0.0
0.0
0.0
0.0
0.0
0.0
0.0
0.0
0.0
0.0
0.0
0.0
0.0
0.0
0.0
0.0
0.0
0.0
0.0
0.0
0.0
0.0
0.0
0.0
0.0
0.0
0.0
0.0
0.0
0.0
0.0
0.0
0.0
0.0
0.0
0.0
0.0
0.0
0.0
0.0
0.0
0.0
0.0
0.0
0.0
0.0
0.0
0.0
0.0
0.0
0.0
0.0
0.0
0.0
0.0
0.0
0.0
0.0
0.0
0.0
0.0
0.0
0.0
0.0
0.0
0.0
0.0
0.0
0.0
0.0
0.1
0.0
0.0
0.0
0.0
0.0
0.0
0.0
0.0
0.0
0.0
0.0
0.0
0.0
0.0
0.0
0.0
0.0
0.0
0.0
0.0
0.0
4.7
0.0
0.0
0.0
15.0
24.5
5.9
0.0
0.1
0.0
0.0
0.0
0.0
0.0
1.6
0.0
0.0
0.0
0.0
0.0
0.0
0.0
0.0
0.0
0.0
0.0
0.0
0.0
0.0
0.0
0.0
0.0
0.0
0.0
0.0
0.1
0.0
0.0
0.0
0.0
0.0
0.0
0.0
0.1
0.9
7.5
0.5
0.0
0.0
0.0
0.0
0.2
0.0
0.0
0.0
0.0
0.0
0.0
0.0
0.0
0.0
0.0
0.0
0.2
0.0
0.0
0.0
0.0
0.0
0.0
0.0
1.2
3.1
1.6
0.0
0.0
0.0
0.0
0.0
0.0
0.0
0.0
0.0
0.0
0.0
0.0
0.0
0.0
0.0
0.0
0.0
0.0
0.0
0.0
0.0
0.0
0.0
0.0
0.0
1.0
14.1
3.6
3.6
0.0
0.0
0.0
0.0
0.0
0.0
0.0
2.1
0.1
0.0
0.0
0.0
0.0
0.0
0.0
13.1
0.0
0.0
0.0
5.4
9.4
0.0
0.0
0.0
0.0
0.0
0.0
0.0
0.0
0.0
0.0
0.0
0.0
0.0
0.0
0.0
0.0
0.0
5.7
0.0
0.0
0.0
0.0
0.0
0.0
0.0
0.0
0.0
0.0
0.0
0.0
0.0
0.0
12.4
0.5
0.0
10.7
0.0
0.0
0.0
3.6
0.5
0.0
0.0
0.0
0.0
0.0
0.0
3.7
0.0
1.1
0.0
2.8
0.0
0.0
0.0
0.0
0.0
0.0
0.0
4.8
17.0
9.8
1.0
3.8
0.0
0.0
0.0
0.0
0.2
0.0
0.0
0.0
0.0
0.0
0.0
0.0
0.0
0.0
0.0
0.0
0.0
0.0
0.1
4.9
0.0
0.0
0.0
0.0
0.0
0.0
0.0
0.0
0.0
0.0
0.0
0.6
0.2
0.0
1.8
0.0
6.5
0.0
0.0
0.0
0.0
0.0
0.0
0.0
0.0
0.0
0.0
0.0
0.0
0.0
0.1
1.1
0.0
0.0
0.0
0.0
0.0
0.0
0.0
0.0
0.0
0.0
0.0
0.0
0.2
0.9
0.0
0.0
0.0
0.0
0.0
0.0
3.1
0.0
0.0
0.0
0.4
1.7
0.0
0.0
0.0
0.0
0.0
0.0
0.0
0.0
0.0
0.0
0.0
0.0
0.0
0.0
0.0
0.0
0.0
0.0
0.0
0.0
0.0
0.0
0.0
0.0
0.0
0.0
0.0
0.0
0.0
0.0
0.0
0.0
0.0
0.0
0.0
0.0
0.0
0.0
0.0
0.0
0.0
0.0
0.1
0.0
0.0
0.0
0.0
0.0
0.0
0.0
0.0
0.0
0.0
0.0
0.0
0.0
0.0
0.0
0.0
0.0
0.0
0.0
0.0
0.0
0.0
0.0
0.0
0.0
0.0
0.0
0.0
0.0
0.1
0.0
0.0
0.0
0.0
0.0
0.0
0.0
0.0
0.0
0.0
0.0
0.0
0.0
0.0
0.0
0.0
0.0
0.0
0.0
0.0
0.0
0.0
0.0
0.0
13.3
0.0
0.0
0.0
0.0
0.0
0.4
0.0
0.0
0.0
0.0
0.0
0.0
0.0
0.0
0.0
0.0
0.1
0.0
0.0
0.0
0.3
29.2
2.3
0.0
2.2
0.8
1.3
4.0
0.1
0.8
31.7
0.0
3.0
0.0
44.9
0.0
0.5
0.0
0.2
0.0
0.0
0.0
0.0
0.0
0.0
0.0
0.0
0.0
0.0
0.0
0.0
0.0
25.4
3.7
0.0
0.0
0.0
0.0
0.0
0.0
8.6
0.0
0.1
0.0
0.0
0.0
0.0
0.0
0.0
0.0
0.0
0.0
0.0
0.0
0.0
4.9
0.0
0.0
0.0
0.0
2.1
0.0
0.0
0.4
0.9
11.4
3.4
0.4
0.0
0.0
0.0
0.0
0.0
0.0
0.0
0.0
0.0
0.0
2.0
6.6
12.4
0.0
0.0
0.0
0.0
0.0
0.0
0.0
0.0
0.0
0.0
0.0
0.0
0.0
0.0
6.6
3.3
0.0
0.0
0.0
0.0
0.0
0.0
0.0
0.0
0.0
0.0
0.0
0.0
0.0
0.0
0.0
0.0
0.0
0.0
0.0
0.0
0.0
0.0
0.0
0.0
0.0
0.0
0.0
0.0
0.0
0.0
0.0
0.0
0.0
0.0
0.0
0.0
0.0
0.0
0.0
0.0
0.0
0.0
0.0
0.0
0.0
0.0
0.0
0.0
0.0
0.0
0.0
0.0
0.0
0.0
0.0
0.0
0.0
0.0
3.6
0.0
0.0
0.0
0.0
0.0
0.0
0.0
0.0
17.6
0.1
0.0
0.0
0.0
0.0
0.0
0.0
0.0
0.0
0.0
5.6
7.3
1.2
0.0
0.0
8.8
0.9
3.7
1.9
0.0
0.0
1.0
8.2
11.7
16.5
0.0
0.0
0.0
0.0
0.0
1.8
0.0
0.0
0.0
4.6
5.8
0.0
0.9
5.2
2.9
0.0
4.4
8.9
17.2
6.9
0.0
2.6
0.3
0.4
0.0
0.0
0.0
0.0
0.0
0.0
0.0
0.0
0.0
18.7
4.0
0.0
6.4
0.0
2.9
0.0
0.0
0.0
0.0
0.0
0.0
0.0
0.0
0.1
0.0
0.0
0.0
0.0
0.0
0.0
0.0
0.0
0.0
0.0
0.0
0.0
0.0
0.0
0.0
0.0
0.0
0.0
0.0
0.0
0.0
0.0
0.0
0.0
0.0
0.0
0.0
0.0
0.0
0.0
0.0
0.0
0.0
0.0
0.0
0.0
0.0
0.0
0.0
0.0
0.0
0.0
0.0
0.0
0.0
0.0
0.0
0.0
0.0
0.0
0.0
0.0
0.0
0.0
0.0
0.0
0.0
0.0
0.0
0.0
0.0
0.0
0.0
0.0
0.0
0.0
0.0
0.0
0.0
0.0
0.0
0.0
0.0
0.0
0.0
0.0
0.0
0.0
0.0
0.0
0.0
0.0
0.0
0.0
0.0
0.0
0.1
0.0
0.0
0.0
0.0
0.0
0.0
0.0
0.0
0.0
0.0
0.0
0.0
0.0
0.0
0.0
0.0
0.0
0.0
0.0
0.0
0.0
0.0
0.0
0.0
0.0
0.0
0.0
0.0
0.0
0.0
0.0
0.0
0.2
0.0
0.0
0.0
0.0
0.0
0.0
0.0
0.0
0.0
29.3
1.1
0.1
0.0
2.1
0.0
0.0
0.0
0.0
4.2
4.7
0.4
7.6
0.2
1.1
0.0
0.0
0.0
0.0
0.3
1.0
0.0
0.0
0.0
0.0
0.0
0.0
0.0
0.0
0.0
0.0
0.0
0.0
0.0
0.0
0.0
0.0
0.0
0.0
0.0
0.0
0.0
0.0
0.0
0.0
0.0
0.0
0.0
0.0
0.0
0.0
3.3
5.9
0.0
0.0
4.1
0.0
7.3
1.6
0.0
0.0
0.0
0.0
0.0
0.0
0.0
0.0
0.0
0.0
0.0
0.0
0.1
3.7
3.8
14.4
47.6
8.6
4.5
4.0
7.0
1.5
0.0
8.8
0.0
0.1
0.1
0.0
0.1
0.0
13.0
0.6
0.0
14.6
0.0
0.0
0.0
0.0
3.0
0.0
9.4
0.0
0.0
0.0
0.0
0.0
8.2
0.4
15.9
8.0
7.8
0.0
0.0
0.0
0.0
0.0
0.0
0.0
0.1
0.0
5.5
5.3
0.0
0.0
0.0
0.0
0.0
3.3
2.5
0.0
0.0
0.0
0.0
0.0
0.0
0.0
0.1
2.1
0.0
1.6
7.0
0.1
14.5
23.3
5.0
3.1
0.0
0.0
10.8
7.0
0.5
0.0
0.0
0.0
0.0
0.0
0.0
0.3
0.0
0.0
0.0
0.0
0.0
0.0
0.0
0.3
0.0
8.3
0.0
0.0
0.0
0.0
0.0
0.0
0.0
0.0
0.0
0.0
0.0
0.0
0.0
0.0
0.0
0.0
0.0
0.0
0.0
0.0
0.0
0.0
0.0
0.0
20.5
0.0
0.0
0.0
0.0
0.0
0.0
0.0
0.0
0.0
1.0
0.0
0.1
7.7
0.3
0.0
0.2
0.0
0.0
0.0
0.2
0.0
0.0
0.0
0.0
0.0
0.0
0.0
8.0
6.1
7.0
0.3
0.0
0.0
0.0
0.0
0.0
0.0
0.0
0.0
0.0
0.0
0.0
0.0
0.0
0.0
0.0
0.0
0.0
0.0
0.0
0.0
0.0
0.0
0.0
0.0
0.0
0.0
0.0
0.0
0.0
0.0
0.0
0.0
0.0
0.0
0.0
0.0
0.0
0.0
0.0
0.0
0.0
0.0
0.0
0.0
0.0
0.0
0.0
0.0
0.0
0.0
0.0
0.0
0.0
0.0
0.0
0.0
0.0
0.0
0.0
0.0
0.0
0.0
0.0
0.0
0.0
0.0
0.0
0.0
0.1
0.1
0.0
0.0
0.0
0.0
0.0
0.0
0.0
0.0
0.0
0.0
0.0
0.0
0.0
0.0
0.0
0.0
0.0
0.0
0.0
0.0
0.0
0.0
0.0
0.0
0.0
0.0
0.0
0.0
0.0
0.0
0.0
0.0
0.0
0.0
0.0
0.0
0.0
0.0
0.0
0.0
0.0
0.0
0.0
0.0
0.0
0.0
0.0
0.0
0.0
0.0
0.0
0.0
0.0
30.3
1.4
0.0
0.0
0.0
0.6
15.9
0.6
0.0
0.0
0.0
0.0
0.0
0.0
4.4
0.0
0.0
0.0
3.9
23.5
14.6
0.0
0.0
0.0
0.4
1.0
0.0
17.0
1.4
0.0
0.0
0.0
0.0
0.0
0.3
0.2
0.0
0.0
0.0
0.0
0.0
0.0
0.0
11.1
6.4
0.0
0.0
0.0
4.8
0.0
0.0
0.0
0.0
0.8
1.5
0.0
0.0
0.0
0.0
0.0
1.0
0.1
0.0
0.0
0.0
0.0
0.0
0.0
0.0
0.0
0.0
0.0
0.0
0.0
0.0
0.0
0.0
0.0
0.0
0.4
0.8
1.8
0.0
22.1
6.3
0.0
2.6
0.0
0.0
0.0
0.0
7.0
14.8
3.3
0.0
0.0
0.0
0.0
0.0
0.2
3.9
0.0
9.8
1.0
0.0
0.0
0.0
0.0
0.0
0.0
0.0
0.0
0.0
0.0
0.0
0.0
0.0
0.1
0.0
0.0
0.0
4.5
0.3
4.1
0.0
0.0
0.0
0.0
0.0
0.0
0.0
0.0
0.0
0.0
0.0
0.0
1.1
0.0
0.0
0.0
0.0
0.0
0.0
0.0
0.0
0.0
0.0
0.0
1.9
0.0
0.0
0.0
0.0
0.0
0.0
0.0
0.0
0.0
0.0
0.0
11.9
0.0
39.7
3.3
1.6
0.0
0.0
0.0
0.0
0.0
0.0
0.0
11.8
6.2
16.8
1.4
0.1
0.1
0.0
0.0
0.0
0.0
0.0
0.0
0.0
0.0
0.0
0.0
0.0
0.0
0.0
3.4
5.2
1.1
1.3
5.5
8.7
8.9
3.7
8.0
0.0
32.9
2.5
4.6
0.5
0.0
0.0
0.0
0.0
0.0
0.0
0.0
0.0
0.0
0.0
0.0
0.0
0.0
0.0
0.0
0.0
0.0
1.4
0.0
0.0
0.7
5.6
10.0
6.1
8.7
1.8
0.0
0.0
0.0
0.0
0.0
0.0
0.0
0.0
0.0
0.0
0.0
0.0
0.0
0.0
0.0
0.0
0.0
0.0
0.0
0.0
0.0
0.0
0.0
0.0
2.0
0.1
0.2
0.0
0.0
0.0
0.0
0.0
0.0
0.0
0.1
0.0
0.0
0.0
0.0
0.0
0.0
0.0
0.0
0.0
0.0
0.2
0.0
0.0
0.0
0.0
4.2
0.0
0.0
0.0
0.0
0.0
0.0
0.0
0.0
0.0
0.0
0.0
0.0
0.0
0.0
0.0
0.0
0.0
0.0
0.0
0.0
0.0
0.0
0.0
0.0
0.0
0.0
0.0
0.0
0.0
0.0
0.0
0.0
0.0
0.0
0.0
7.6
0.0
0.0
0.0
0.0
0.0
0.0
0.0
0.0
0.0
0.0
0.0
0.0
0.0
0.0
0.0
0.0
0.0
0.8
0.1
0.0
0.0
0.0
0.0
0.0
0.0
0.0
0.0
0.0
0.0
0.0
0.0
0.0
0.1
0.0
0.0
0.0
0.0
0.0
0.0
0.0
2.2
5.5
0.0
0.0
0.0
0.0
0.2
0.0
5.8
0.0
0.0
0.0
0.0
0.0
0.0
0.3
11.5
0.5
0.0
0.0
0.0
0.0
0.0
2.5
2.2
0.2
0.0
0.0
0.0
0.0
0.0
4.1
0.0
0.0
0.0
3.5
0.3
0.2
0.0
0.0
0.0
0.0
0.0
0.0
0.0
0.0
0.0
0.0
0.0
0.0
0.0
0.0
0.0
0.0
0.0
0.0
0.0
0.0
0.0
23.5
27.5
10.1
4.4
3.1
0.0
4.4
1.7
0.0
0.0
0.0
0.0
0.0
0.0
0.0
0.0
0.0
0.0
0.0
0.0
0.0
0.0
0.0
0.0
0.0
0.0
5.9
3.6
0.5
0.0
0.0
1.5
0.0
1.4
8.3
11.5
7.5
0.0
0.0
0.0
1.9
0.4
0.0
9.2
9.1
0.0
0.0
0.6
0.0
0.0
0.0
4.2
0.0
3.7
0.8
14.8
10.0
8.7
12.8
0.0
0.0
0.0
0.0
0.0
0.0
0.0
1.8
0.1
22.6
0.0
6.3
0.0
0.0
0.0
0.0
0.0
0.0
0.2
0.4
0.0
0.0
0.0
0.0
0.0
0.0
0.0
6.8
0.3
0.0
0.0
0.0
13.5
0.0
0.0
0.0
0.0
1.8
1.8
5.9
0.0
2.1
0.0
0.0
11.1
10.7
18.5
0.6
0.0
0.0
0.0
0.0
0.0
0.0
0.0
0.0
0.0
0.0
0.0
0.0
0.0
0.0
0.0
0.0
0.6
0.0
7.8
4.8
0.0
0.0
0.3
0.0
0.0
0.1
5.1
10.2
5.0
1.6
0.0
0.0
0.0
0.0
0.0
0.0
0.0
0.0
0.0
0.0
0.3
0.0
4.8
9.6
0.0
0.0
0.2
0.0
0.0
5.9
6.8
0.0
1.1
7.2
0.0
0.0
0.0
0.0
0.0
0.0
0.0
0.0
0.0
0.0
0.0
0.0
0.0
7.9
5.3
2.8
0.0
0.0
0.0
0.0
0.0
0.0
0.0
0.0
0.0
0.0
0.0
0.0
0.0
0.0
0.0
0.0
0.0
0.0
0.0
0.0
0.0
0.0
0.0
0.0
0.0
0.0
0.0
0.0
0.0
0.0
0.0
0.0
0.0
0.0
0.0
0.0
0.0
3.1
0.0
0.0
0.0
0.0
0.0
0.0
0.0
0.0
0.0
0.0
0.0
0.0
0.0
0.0
0.0
0.0
0.0
0.0
0.0
0.6
0.0
0.0
0.0
0.0
0.0
0.0
0.0
0.0
0.0
0.0
0.0
0.0
0.0
0.0
0.1
0.0
0.0
0.0
0.0
0.0
0.0
0.0
0.0
0.0
0.0
0.0
0.0
0.0
0.0
0.0
0.0
0.0
0.0
0.0
0.0
2.7
0.0
0.0
0.0
0.0
0.0
0.0
0.0
0.0
0.0
0.0
0.0
0.0
0.0
0.0
0.0
0.0
0.0
0.0
0.0
0.0
0.0
0.0
0.0
0.0
16.2
0.0
0.0
0.0
0.0
0.0
0.0
0.0
0.0
0.0
0.0
0.0
0.0
0.0
0.0
0.0
0.9
0.0
0.0
0.0
0.0
0.0
0.0
0.0
0.0
0.0
1.2
0.0
0.0
0.5
6.7
0.4
14.0
0.1
0.0
0.0
0.0
1.4
0.0
0.0
5.0
0.0
0.0
0.0
4.2
0.2
0.0
1.3
0.0
0.0
0.0
17.0
3.7
18.2
5.9
0.6
0.0
23.8
0.0
0.0
0.0
0.0
0.0
0.0
0.0
0.0
0.7
0.0
0.0
0.0
0.0
0.0
21.2
0.0
0.2
0.2
0.0
0.0
0.0
1.0
4.6
0.2
0.6
3.6
0.0
0.0
0.0
8.0
1.9
1.8
0.0
0.0
0.0
0.0
0.0
8.6
16.0
0.0
0.0
0.0
0.0
0.0
0.0
0.0
7.4
0.8
0.0
0.0
0.0
0.0
0.0
0.0
0.0
0.0
0.2
4.9
1.4
1.7
0.0
0.0
0.0
0.0
0.0
0.0
0.0
0.0
0.0
0.0
0.0
0.0
0.0
0.0
0.0
0.0
0.1
0.0
0.0
0.0
0.0
0.0
0.0
0.0
0.0
0.0
1.8
21.2
0.0
0.0
0.0
0.0
0.0
0.0
0.0
0.0
0.0
0.0
0.0
0.0
0.0
0.0
0.0
0.0
0.0
0.1
0.1
0.0
0.0
0.0
0.0
4.1
0.0
5.4
1.7
12.5
8.5
5.0
4.0
0.0
0.5
0.0
0.0
0.0
0.0
0.0
0.0
0.0
0.0
0.0
0.0
0.0
1.8
0.2
0.0
0.2
0.1
0.0
0.0
0.1
0.0
0.0
0.0
0.0
0.0
7.1
8.5
20.9
25.7
6.9
0.8
0.0
9.5
0.0
0.0
0.0
0.0
0.0
0.0
10.5
15.3
0.0
0.0
0.0
0.0
0.1
21.5
1.2
0.3
1.1
0.0
0.0
1.9
0.0
0.0
0.0
0.0
0.0
0.0
13.7
0.0
0.4
1.5
26.2
9.5
0.0
9.1
0.8
0.0
0.0
1.2
3.2
3.0
0.1
5.7
0.9
0.0
0.0
0.0
0.0
0.0
0.0
0.1
0.0
0.0
0.0
0.4
6.4
12.3
0.0
0.0
0.0
0.0
0.0
0.0
0.0
0.0
0.0
0.0
0.3
0.0
0.2
0.0
0.2
4.9
1.9
0.0
0.0
0.0
0.0
0.0
0.0
0.0
0.0
0.0
0.0
0.0
0.0
0.0
0.0
0.0
0.0
0.0
0.0
0.0
0.0
0.0
0.0
0.0
0.0
0.0
0.0
0.0
0.0
0.0
0.0
0.0
0.0
0.1
0.0
0.0
0.0
0.0
0.0
0.0
0.0
0.0
0.1
0.0
0.0
0.0
0.0
0.0
0.0
0.0
0.0
0.0
0.0
0.0
0.0
0.0
0.0
0.0
0.0
0.0
0.0
0.0
0.0
0.0
0.0
0.0
0.0
0.0
0.0
0.0
0.0
0.0
0.1
0.0
0.0
0.0
0.0
0.0
0.0
0.0
0.0
2.7
0.5
0.0
0.0
0.0
0.0
0.0
0.0
0.8
0.4
0.0
0.0
0.0
0.0
0.0
0.0
0.0
0.0
0.0
0.0
0.0
0.0
0.0
0.0
0.0
0.0
0.0
0.0
0.0
0.0
0.0
0.0
0.0
0.0
0.0
0.0
0.0
0.4
0.1
0.0
0.0
0.0
0.0
0.0
0.0
0.0
6.5
1.2
0.0
0.0
0.0
0.0
0.0
4.8
0.0
6.8
3.3
0.0
0.1
0.3
0.0
0.0
0.1
0.6
0.0
0.0
0.0
0.0
0.0
0.0
0.0
0.0
0.0
0.0
0.0
0.0
0.0
0.0
0.0
0.0
0.0
0.0
0.0
0.0
0.0
0.0
0.0
0.0
0.0
9.1
2.2
15.2
9.2
0.0
0.4
0.0
0.0
0.0
0.0
0.0
0.0
0.0
0.0
0.0
0.0
0.0
0.0
0.0
0.0
0.0
0.1
0.0
0.0
0.0
0.0
1.1
0.0
0.0
0.0
0.0
0.0
0.0
0.0
0.0
0.0
0.0
0.0
0.0
0.0
0.0
0.0
0.0
0.0
0.0
0.0
0.0
0.0
0.0
0.0
0.0
0.0
0.0
0.0
0.0
0.0
0.0
0.2
0.0
0.0
0.0
0.0
0.0
0.0
0.0
0.0
0.0
0.0
4.7
0.5
0.8
0.0
0.0
0.0
0.0
0.0
0.0
0.0
0.0
0.0
0.0
0.0
0.0
0.1
0.0
0.0
0.0
1.4
8.5
10.0
7.8
15.5
0.0
7.4
1.5
0.0
0.0
0.0
0.0
0.0
0.8
0.0
0.0
0.0
0.0
0.0
0.0
0.0
0.0
0.0
0.0
0.1
0.0
16.7
0.0
0.0
6.7
0.0
0.4
0.0
0.0
0.0
0.0
0.5
0.0
0.0
0.0
0.0
0.0
4.2
0.0
0.0
0.0
0.0
0.0
0.0
0.0
0.0
0.0
0.0
0.0
0.0
0.0
0.0
0.0
0.0
0.0
0.0
0.0
0.0
0.0
0.0
0.0
0.0
0.0
0.0
0.0
0.0
0.0
0.0
0.0
0.0
1.0
0.2
0.1
0.0
0.0
0.1
0.0
0.0
0.0
0.0
0.0
0.0
0.0
0.0
0.0
0.0
0.0
0.0
0.9
0.7
0.0
0.0
0.0
0.0
0.0
0.0
0.0
0.0
0.0
0.0
0.0
0.0
0.0
0.0
0.0
0.0
0.0
0.0
0.0
0.0
0.0
0.0
0.0
0.0
0.0
0.0
0.0
1.7
0.0
0.0
0.0
0.0
0.0
0.0
0.0
0.0
0.0
0.0
0.0
0.0
0.0
0.0
0.0
0.0
0.0
0.0
0.0
0.0
0.0
0.0
0.0
0.0
0.0
0.0
0.0
0.0
0.0
0.0
0.0
0.0
0.0
0.0
0.0
0.0
0.0
0.0
0.0
0.0
0.0
0.0
0.0
0.0
0.0
0.0
0.0
0.0
0.0
0.0
0.0
0.0
0.0
0.0
0.0
0.0
0.0
0.0
0.0
0.0
0.0
0.0
0.0
0.0
0.0
0.0
0.0
0.0
0.0
0.0
10.0
1.7
0.0
0.0
0.0
0.0
0.0
0.0
0.0
0.0
0.4
0.0
0.0
0.0
0.0
0.0
0.0
0.0
0.0
0.0
4.2
0.0
0.0
0.0
0.0
0.0
0.0
0.0
0.0
0.0
0.0
0.0
0.0
0.0
0.0
0.0
0.0
0.0
0.0
0.0
0.0
0.0
0.0
0.0
0.0
0.0
0.3
0.0
0.0
0.0
0.0
0.0
2.5
0.0
1.7
0.0
0.0
0.0
0.0
0.0
0.0
0.0
0.0
0.0
0.0
0.0
0.0
3.5
2.1
5.7
1.4
0.0
0.0
0.0
0.0
0.0
3.5
0.0
3.7
0.0
5.3
2.9
0.0
0.0
0.0
0.0
0.1
16.1
0.0
0.3
0.0
0.0
0.0
0.0
0.0
0.0
0.0
0.0
0.0
0.0
0.0
0.0
5.1
4.4
0.0
0.0
0.0
0.0
0.0
0.6
1.8
0.2
0.0
0.0
0.0
0.0
0.0
0.0
0.0
0.0
0.0
0.0
7.6
0.0
0.0
0.8
0.8
0.0
0.0
0.3
0.4
4.9
6.6
0.0
0.0
0.0
0.0
0.0
0.0
0.0
0.1
0.0
0.2
25.5
7.5
0.0
0.0
0.0
0.0
0.9
0.7
0.0
0.0
0.0
0.0
0.0
1.8
0.4
11.5
0.4
0.0
0.0
0.0
0.3
0.0
6.0
1.8
9.2
0.6
1.9
0.7
0.0
1.0
4.6
0.0
0.0
0.0
0.0
0.0
11.2
0.0
0.0
0.0
0.0
0.0
0.0
0.0
0.0
0.0
0.0
0.0
0.0
5.6
1.8
16.8
2.6
12.7
0.0
3.2
0.1
0.0
0.0
0.0
0.0
0.0
0.0
0.0
0.0
0.0
0.0
0.0
0.1
0.0
0.0
0.0
0.0
0.0
0.0
0.0
0.0
13.2
0.5
0.5
0.1
0.0
0.0
0.0
0.0
13.6
0.0
0.0
0.0
0.0
0.0
7.7
0.0
0.0
0.0
10.6
19.3
0.1
0.3
0.3
0.0
0.0
0.0
0.0
0.9
0.0
0.0
0.0
0.0
0.0
0.0
0.0
0.0
0.0
0.0
0.0
0.0
0.0
0.0
0.0
0.0
0.0
0.0
0.0
4.1
1.0
0.0
0.0
0.0
0.0
0.0
0.0
0.0
0.2
0.0
0.0
0.1
0.0
0.0
0.2
0.1
0.5
0.0
0.0
0.0
0.0
0.0
0.0
0.0
0.0
0.0
0.0
0.0
0.0
0.0
0.0
0.0
0.0
0.0
0.0
0.0
0.0
0.0
0.0
0.0
3.1
0.6
0.0
0.0
0.0
0.0
0.0
0.1
0.0
0.0
0.0
0.0
0.0
0.0
0.0
0.0
0.0
0.0
0.0
0.0
0.0
0.0
0.0
0.0
0.0
0.0
0.0
0.0
0.4
0.0
0.0
0.0
0.0
0.0
0.0
0.0
0.0
13.2
0.0
0.0
0.0
0.0
0.0
0.0
0.0
0.0
0.0
0.0
0.0
0.0
0.0
0.0
0.0
0.0
0.0
0.0
0.0
0.1
0.0
0.0
0.1
0.7
2.2
0.0
9.7
0.0
0.0
0.0
0.0
0.0
0.0
0.0
0.0
0.0
0.0
0.0
0.0
0.0
0.0
0.0
0.0
0.0
0.0
0.0
0.0
0.0
0.0
0.0
0.0
0.0
0.0
0.0
0.0
0.0
0.0
0.0
0.0
0.0
0.0
0.0
0.0
0.0
2.5
0.0
4.0
0.0
5.0
0.0
0.0
0.0
0.0
0.0
0.0
0.5
8.0
6.0
0.0
0.0
0.5
3.5
4.3
0.0
0.0
0.0
0.0
0.0
0.0
0.0
15.5
0.0
0.0
0.0
0.0
0.4
0.0
0.0
0.0
2.3
0.0
0.0
0.0
0.0
0.0
0.0
1.9
0.0
0.0
5.1
0.0
2.6
0.0
0.0
0.0
0.0
0.0
0.0
0.0
0.0
0.0
0.0
0.0
0.0
0.0
0.0
0.0
4.0
9.6
0.0
0.0
0.0
0.0
0.0
0.0
0.0
0.0
0.0
0.0
0.0
0.0
0.0
0.0
0.0
0.0
0.0
0.0
0.0
0.0
0.0
0.0
0.0
0.0
0.0
0.0
0.0
0.0
1.7
0.1
0.0
7.0
5.7
0.0
0.0
6.4
3.3
0.0
0.0
1.1
3.2
0.0
0.0
0.0
2.7
10.9
2.0
0.0
0.0
0.6
0.1
0.0
0.0
0.6
3.3
0.0
7.3
3.5
0.0
0.5
0.0
0.0
0.0
0.0
0.0
0.0
0.0
0.0
0.0
0.0
0.0
0.0
3.9
0.0
0.0
0.0
0.0
0.0
0.0
0.0
0.0
0.0
0.0
0.0
0.0
0.0
0.1
0.0
0.0
0.0
0.0
2.0
1.5
0.5
0.0
0.0
1.8
3.8
0.5
0.7
8.2
12.9
0.0
0.0
0.0
0.6
0.0
14.6
4.1
0.1
0.0
5.6
0.0
0.0
0.0
0.6
0.0
0.9
0.0
0.0
0.0
0.3
0.0
0.0
0.0
0.0
0.0
1.2
26.7
1.2
2.4
0.9
0.0
0.0
0.0
0.0
0.0
0.0
0.0
0.0
0.0
0.0
0.0
0.0
0.0
0.0
0.0
0.0
9.4
0.0
17.0
2.4
0.0
0.0
0.0
0.0
0.0
0.0
0.0
0.0
0.0
0.0
0.0
0.0
0.0
0.0
0.0
0.0
0.0
0.0
0.0
0.0
0.0
0.0
0.0
0.0
0.0
0.0
0.0
0.0
0.0
0.0
0.0
0.0
0.0
0.0
0.0
0.0
0.0
0.0
0.0
0.0
0.0
0.0
0.0
0.0
0.0
0.0
0.0
0.0
0.0
0.0
0.0
0.0
0.0
0.0
0.0
0.0
0.0
0.0
0.0
0.0
0.0
0.0
0.0
0.0
0.0
0.0
0.0
0.0
0.0
0.0
0.0
0.0
0.0
0.0
0.0
0.0
0.0
0.0
0.0
0.0
0.0
0.0
0.0
0.0
0.0
0.0
0.0
0.0
0.0
0.0
0.0
1.5
0.1
0.0
0.0
0.0
0.0
0.0
0.0
0.0
0.0
0.1
0.0
0.0
0.0
0.0
0.0
1.8
0.6
0.0
5.5
0.0
0.0
0.0
0.0
0.0
0.0
6.7
55.1
0.1
0.0
0.0
0.0
0.0
0.0
6.4
0.0
0.0
0.0
8.3
9.2
0.8
0.0
0.0
0.0
0.0
0.0
0.0
0.0
0.0
0.0
1.3
5.5
0.0
0.0
0.0
0.0
0.0
0.0
0.0
0.0
13.0
0.0
0.0
7.2
0.0
0.0
0.0
0.0
0.0
0.0
0.0
0.0
0.0
0.0
0.0
0.0
0.0
0.0
0.0
0.0
0.0
0.0
0.0
0.0
0.0
0.0
0.0
17.4
12.1
5.5
0.0
0.0
0.0
0.0
0.0
0.0
0.0
0.0
0.0
0.0
0.0
0.0
0.0
0.0
0.0
0.0
0.0
0.0
0.0
0.0
0.0
0.0
0.0
0.0
0.0
0.0
0.0
0.4
1.4
0.0
0.2
0.0
0.0
7.9
0.0
0.0
0.0
0.0
0.0
0.0
10.3
4.2
0.0
0.0
0.0
0.0
0.0
0.0
0.1
6.4
0.0
14.0
1.7
1.6
4.1
0.0
0.0
0.0
0.0
0.0
0.0
0.0
0.0
0.0
0.0
0.0
0.0
0.0
0.0
0.0
0.0
0.0
0.0
0.0
0.0
0.0
0.0
0.0
0.0
0.0
0.0
0.0
0.0
0.0
0.0
0.0
0.0
0.0
11.9
0.0
16.2
0.2
0.9
0.0
0.0
0.0
0.0
0.0
0.0
0.0
0.0
0.0
0.0
0.0
0.0
0.0
0.0
0.0
0.1
0.0
0.0
0.0
0.0
0.0
0.0
0.0
0.0
7.5
8.8
0.0
12.1
0.0
0.0
0.0
0.0
0.0
0.0
0.0
1.9
0.0
0.0
0.0
0.0
0.0
0.0
0.0
0.1
2.2
7.1
0.0
1.1
0.1
0.0
0.0
0.0
3.8
3.6
1.9
10.3
15.9
0.0
0.0
0.0
0.0
0.0
0.0
0.0
0.0
0.0
0.0
0.0
0.0
0.0
0.0
0.0
0.0
0.4
23.4
24.5
12.8
0.7
0.0
0.0
0.0
0.0
0.8
3.0
0.0
0.0
0.0
0.0
0.0
0.0
0.0
0.4
0.0
2.4
0.0
0.1
1.8
0.0
0.0
0.0
0.0
0.0
0.0
0.0
0.0
0.9
0.1
0.1
0.0
0.0
0.0
0.0
0.0
0.0
0.0
0.0
0.0
0.0
0.0
0.0
0.0
0.0
0.0
0.0
0.0
0.0
0.0
0.5
0.0
0.0
0.0
0.0
0.0
0.0
0.0
0.0
0.0
0.0
0.0
0.0
0.5
1.0
0.0
0.0
0.0
0.0
0.0
0.0
0.0
0.0
0.0
0.0
0.0
0.0
0.0
0.0
0.0
0.0
0.0
0.0
0.0
0.0
0.0
0.0
0.0
0.0
0.0
0.0
0.0
0.0
0.0
0.0
0.0
0.0
0.0
0.0
0.0
0.0
0.0
0.0
0.0
0.0
0.0
0.0
0.0
0.0
0.0
0.0
0.0
0.0
0.0
0.0
0.0
0.1
0.0
0.0
0.0
0.0
0.1
6.8
0.0
0.0
0.0
0.0
0.0
0.0
0.4
0.2
0.0
0.0
0.0
0.0
0.1
0.1
0.1
0.0
6.8
0.1
3.4
0.0
0.0
0.0
0.0
0.0
0.0
0.0
0.4
0.0
0.2
0.2
0.0
0.9
0.9
1.8
0.0
0.0
0.0
0.9
0.8
1.6
0.0
1.7
0.0
0.0
0.0
0.0
0.0
6.6
0.0
4.8
23.7
25.8
0.0
2.0
6.2
1.0
0.0
0.0
0.0
0.0
0.0
0.0
0.0
0.0
0.0
0.0
0.0
0.0
0.0
0.0
0.0
0.0
0.0
0.0
0.8
0.0
0.0
0.0
7.8
10.8
14.9
0.0
0.0
3.6
0.0
0.6
0.0
0.0
2.5
0.0
0.0
0.0
0.0
18.0
8.3
0.0
0.0
0.0
0.0
0.0
0.0
0.0
0.0
0.0
0.0
0.0
0.0
2.7
6.6
0.0
0.0
0.1
0.0
1.6
0.0
0.0
0.0
0.0
0.0
0.0
0.0
0.0
0.0
0.0
0.0
0.8
0.1
2.7
0.1
46.5
0.0
0.8
13.2
2.8
13.0
18.9
34.3
8.9
0.0
12.2
1.0
0.1
17.0
20.9
6.9
2.8
15.7
5.5
1.2
0.0
0.0
0.0
0.0
0.0
0.0
0.0
0.0
0.0
0.0
0.0
0.0
0.0
0.0
0.0
0.0
0.0
0.0
0.0
0.0
2.1
1.2
4.3
15.0
20.8
18.1
2.5
0.3
0.0
0.0
0.0
0.0
0.0
0.0
0.0
0.0
0.0
0.0
0.0
0.0
0.0
0.0
0.0
0.0
0.0
0.0
0.0
0.0
0.0
4.7
2.6
0.0
4.0
0.0
0.0
0.0
0.0
0.0
0.0
1.4
0.0
0.0
0.7
0.0
0.0
0.0
11.5
2.9
1.1
3.1
34.3
0.0
0.0
0.0
0.0
0.0
0.0
0.0
6.5
0.0
0.0
0.0
0.0
0.0
0.0
0.0
0.0
0.0
0.0
0.0
0.0
2.6
0.0
0.0
0.0
0.0
0.0
0.0
0.0
0.0
0.0
0.0
0.0
0.0
0.0
0.1
0.0
0.0
0.0
0.0
0.0
0.0
13.3
0.0
0.0
0.0
0.0
0.0
0.0
0.0
0.0
0.0
0.0
0.0
0.0
0.0
0.0
0.2
0.0
0.0
0.0
0.0
0.0
0.0
0.9
0.0
0.0
0.0
0.0
0.0
0.0
0.0
0.0
0.0
-9999.0
-9999.0
-9999.0
-9999.0
-9999.0
-9999.0
-9999.0
-9999.0
-9999.0
-9999.0
-9999.0
-9999.0
-9999.0
-9999.0
-9999.0
-9999.0
-9999.0
-9999.0
-9999.0
-9999.0
-9999.0
-9999.0
-9999.0
-9999.0
-9999.0
-9999.0
-9999.0
-9999.0
-9999.0
-9999.0
-9999.0
0.0
0.0
0.0
0.0
0.0
0.0
0.0
0.0
0.0
0.9
13.1
0.0
0.0
0.0
0.0
0.0
0.0
0.0
0.0
0.0
0.0
0.0
0.0
0.0
0.0
0.0
0.0
0.0
0.0
0.0
0.0
0.0
0.0
0.0
0.0
0.0
0.0
0.0
0.0
0.0
0.0
0.0
0.3
3.0
0.1
3.7
8.4
0.0
0.0
0.0
0.0
0.0
0.0
0.0
0.0
0.0
0.0
0.0
0.0
0.0
11.2
0.0
0.0
0.0
0.0
0.0
0.0
0.0
0.0
0.0
0.0
0.0
0.0
0.0
0.0
0.0
0.0
0.0
0.0
20.5
8.5
9.6
0.0
0.0
0.0
0.0
0.0
0.0
0.0
0.0
0.0
0.0
0.0
0.0
0.0
0.0
0.0
0.0
0.0
0.0
0.0
0.0
0.0
0.0
0.0
0.0
0.0
0.0
0.0
0.0
0.1
0.0
0.0
0.0
0.0
0.0
1.1
4.2
0.0
4.0
22.7
0.0
0.0
1.6
0.0
0.0
0.0
0.0
0.0
0.0
0.0
0.0
0.0
0.0
0.0
0.8
0.1
2.7
0.1
46.5
0.0
0.8
13.2
2.8
13.0
18.9
34.3
8.9
0.0
12.2
1.0
0.1
17.0
0.0
0.0
2.0
22.0
1.1
13.3
32.1
0.9
0.0
3.6
3.5
25.8
12.0
4.1
0.0
0.0
0.0
0.0
0.0
0.0
0.0
0.0
0.5
0.0
0.2
0.6
2.6
0.0
0.0
0.0
0.0
0.0
0.0
9.8
4.6
0.2
0.0
4.2
31.4
1.3
6.7
5.1
16.5
10.8
6.0
1.5
2.9
4.5
19.4
1.9
3.4
1.8
3.7
4.7
0.0
7.3
0.0
1.0
3.2
0.0
12.5
11.1
0.0
0.0
0.9
15.4
14.5
0.0
0.0
7.5
0.0
0.0
0.0
0.0
0.0
0.0
0.0
0.0
11.4
6.7
0.0
0.0
0.0
0.0
0.0
0.0
0.0
1.8
0.0
0.0
0.0
0.0
0.0
0.0
0.0
0.0
0.0
0.0
0.0
0.0
0.0
0.0
0.0
0.0
10.5
0.6
10.5
0.6
0.0
0.0
2.4
0.6
0.0
0.0
0.0
0.0
0.0
0.0
0.0
0.0
0.0
0.0
0.0
0.0
0.0
0.0
0.0
0.0
2.2
11.4
7.8
0.0
0.3
1.1
0.0
0.0
0.0
0.0
0.0
0.0
0.0
0.0
0.0
0.0
0.0
0.0
0.0
0.0
0.0
0.0
0.0
0.0
0.0
0.0
0.0
0.0
0.0
0.0
0.0
19.6
0.0
0.0
0.0
1.3
4.2
0.5
0.1
0.0
0.0
0.0
0.0
0.0
0.0
0.0
0.1
0.0
0.0
0.8
0.0
0.0
0.0
0.0
0.0
0.9
0.0
0.0
0.0
0.0
0.0
0.0
0.0
0.0
0.0
0.0
0.0
0.0
0.0
0.0
0.0
0.0
0.0
0.0
0.0
0.0
0.0
0.0
0.0
0.0
0.0
0.0
0.0
0.0