12 1 1999
950 
0.0
0.0
0.0
0.0
0.0
9.6
1.2
0.0
0.0
4.4
10.8
5.0
0.0
0.0
0.0
0.0
0.0
0.0
0.0
0.0
0.0
0.0
0.0
0.0
-9999.0
0.0
0.0
0.0
15.0
0.0
0.0
0.0
0.0
0.0
0.0
0.0
0.0
0.0
0.0
0.0
-9999.0
0.0
0.0
15.8
0.6
0.4
14.6
0.0
1.6
0.0
-9999.0
2.8
0.0
0.0
0.0
0.0
0.0
0.0
-9999.0
0.0
0.6
0.0
2.8
0.0
0.0
0.0
0.0
0.0
0.0
0.0
8.6
19.2
8.6
0.4
9.0
0.4
0.0
0.0
0.0
0.2
0.0
0.0
0.0
0.0
0.0
0.0
0.0
0.0
0.0
0.0
0.0
0.0
0.0
0.0
6.8
2.2
0.0
0.0
0.0
0.0
0.0
0.0
0.0
0.0
0.0
0.0
0.4
1.0
0.0
0.0
3.6
2.0
0.0
0.0
0.0
-9999.0
0.0
0.0
0.0
0.0
0.0
0.0
0.0
0.0
0.0
0.4
2.4
0.0
0.0
0.0
0.0
0.0
0.0
-9999.0
0.0
0.0
0.0
0.0
-9999.0
0.0
0.8
0.0
0.0
0.0
0.0
-9999.0
0.0
0.4
0.2
0.0
0.0
0.4
2.6
0.0
0.0
0.0
0.0
0.0
0.0
0.0
0.0
0.0
0.0
0.0
0.0
0.0
0.0
0.0
0.0
0.0
0.0
0.0
0.0
0.0
0.0
0.0
0.0
0.0
0.0
0.0
0.0
0.0
0.0
0.0
0.0
0.0
0.0
0.0
0.0
0.0
0.0
0.0
0.0
0.0
0.0
0.6
0.0
0.0
0.0
0.0
0.0
0.0
0.0
0.0
0.0
0.0
0.0
0.0
0.0
0.0
0.0
0.0
0.0
0.0
0.0
0.0
0.0
0.0
0.0
0.0
0.0
0.0
0.0
0.0
0.0
0.0
0.0
0.0
0.0
0.0
0.0
0.0
0.0
0.0
0.0
-9999.0
0.0
0.0
0.0
0.0
0.0
0.0
0.0
-9999.0
0.0
0.0
0.0
0.0
0.0
0.0
34.8
0.6
0.0
0.0
0.0
0.0
0.6
-9999.0
-9999.0
-9999.0
-9999.0
-9999.0
-9999.0
-9999.0
0.0
-9999.0
-9999.0
0.0
0.0
0.0
0.0
0.0
25.8
5.4
0.0
2.0
3.2
2.0
9.8
0.0
0.8
80.4
0.0
12.0
3.2
59.4
0.0
0.2
0.0
0.0
0.0
0.0
0.0
0.0
0.0
0.0
0.0
0.0
0.0
0.0
0.0
0.0
0.0
25.0
6.4
0.2
0.2
0.0
0.0
0.0
0.0
2.0
6.4
2.8
4.6
0.0
0.0
0.0
0.0
0.0
0.0
0.0
0.0
-9999.0
-9999.0
-9999.0
-9999.0
-9999.0
-9999.0
-9999.0
-9999.0
-9999.0
-9999.0
-9999.0
-9999.0
-9999.0
-9999.0
-9999.0
0.6
0.0
0.0
0.0
0.0
0.0
0.0
0.0
0.0
0.0
0.0
0.0
1.0
16.2
0.0
0.0
0.0
0.0
0.0
0.0
0.0
0.0
0.0
0.0
0.0
0.0
0.0
0.0
2.4
8.0
0.0
0.0
0.0
0.0
0.0
0.0
0.0
0.0
0.0
0.0
0.0
0.0
0.0
0.0
0.0
0.0
0.0
0.0
0.0
0.0
0.0
0.0
0.0
0.0
0.0
0.0
0.0
0.0
0.0
0.0
0.0
0.0
0.0
0.0
-9999.0
0.0
0.0
0.0
0.0
0.0
0.0
0.0
0.0
0.0
0.0
0.0
0.0
0.0
0.0
0.0
0.0
0.0
0.0
0.0
0.0
0.0
0.0
0.0
0.0
0.0
0.0
0.0
0.0
0.0
0.0
0.0
0.0
0.0
0.0
0.0
0.0
0.0
0.0
0.0
0.0
4.0
0.0
0.0
12.2
18.8
3.8
0.8
0.0
5.4
9.0
17.8
2.4
0.0
0.0
0.4
15.8
20.2
22.0
0.8
2.2
0.2
0.0
0.0
5.4
0.0
0.0
0.0
1.4
7.6
0.0
3.0
1.2
5.8
0.0
6.8
8.0
7.0
16.0
0.0
4.6
1.4
0.4
0.0
0.0
0.0
0.0
0.0
0.0
0.0
0.0
0.0
12.6
12.6
0.0
5.2
0.6
9.4
0.0
0.0
0.0
0.0
0.0
0.0
0.0
0.0
0.0
0.0
0.0
0.0
0.0
0.0
0.0
0.0
0.0
0.0
0.0
0.0
0.0
0.0
0.0
0.0
0.0
0.0
0.0
0.0
0.0
0.0
0.0
0.0
0.0
0.0
0.0
0.0
0.0
0.0
0.0
0.0
0.0
0.0
0.0
0.0
0.0
-9999.0
0.0
0.0
0.0
0.0
0.0
0.0
0.0
-9999.0
0.0
0.0
0.0
0.0
0.0
0.0
0.0
0.0
0.0
0.0
0.0
0.0
-9999.0
0.0
0.0
0.0
0.0
0.0
0.0
0.0
0.0
0.0
0.0
0.0
0.0
0.0
0.0
0.0
0.0
0.0
0.0
0.0
0.0
0.0
0.0
0.0
0.0
0.0
0.0
0.0
0.0
0.0
0.0
0.0
0.0
0.0
0.0
0.0
0.0
0.0
0.0
0.0
-9999.0
0.0
0.0
0.0
0.0
0.0
0.0
0.0
0.0
4.0
0.2
0.0
0.0
0.0
0.0
0.0
0.0
2.8
-9999.0
9.8
19.4
0.2
1.0
0.0
0.0
0.0
0.0
0.0
0.0
0.0
0.0
0.0
31.8
5.8
0.2
0.0
4.0
0.2
0.0
0.0
0.0
6.8
4.2
0.6
8.8
0.6
2.8
0.0
0.0
0.0
0.0
1.6
2.8
0.0
11.8
0.6
0.0
3.8
-9999.0
3.0
0.0
0.0
0.0
0.0
-9999.0
26.2
0.0
0.0
4.2
0.0
0.0
0.0
0.6
0.0
16.4
11.6
8.8
5.0
0.2
0.0
0.0
11.2
0.0
4.6
2.4
0.0
0.0
1.6
1.6
8.0
0.8
0.0
0.0
0.0
0.0
0.0
-9999.0
0.2
0.0
0.0
0.0
0.0
0.0
0.0
10.4
16.6
12.2
35.0
14.4
3.8
5.2
3.4
-9999.0
0.0
16.8
2.2
0.2
0.8
5.2
9.2
0.4
0.0
-9999.0
0.6
16.4
1.2
0.0
0.0
0.0
5.6
0.0
17.2
1.6
0.0
0.0
0.0
3.8
12.4
2.4
28.4
15.8
7.2
1.0
0.0
0.0
0.0
0.0
0.0
0.0
0.4
-9999.0
16.0
6.6
0.0
0.0
0.0
0.0
0.0
-9999.0
-9999.0
0.0
0.0
0.0
0.0
0.0
0.0
0.0
0.0
3.2
0.0
12.4
2.4
7.0
26.2
32.6
20.4
-9999.0
-9999.0
0.0
28.2
13.0
-9999.0
0.0
0.0
0.0
0.0
0.0
0.0
1.4
0.0
0.0
0.0
0.0
0.0
0.0
0.0
0.0
0.4
9.8
0.0
0.0
0.2
-9999.0
0.0
0.0
0.0
0.0
0.0
0.0
0.0
0.0
0.0
0.0
0.0
0.0
0.0
0.0
0.0
0.0
0.0
0.0
0.0
0.0
8.8
0.0
0.0
0.0
0.0
0.0
0.0
0.0
0.0
0.0
2.2
2.2
1.2
10.4
0.4
0.0
0.6
0.0
0.0
-9999.0
0.8
0.0
-9999.0
0.0
0.0
-9999.0
0.0
0.0
-9999.0
-9999.0
24.6
1.8
0.2
0.0
0.0
0.0
0.0
0.0
0.0
-9999.0
-9999.0
0.0
0.0
0.0
0.0
0.0
0.0
0.0
0.0
0.0
0.0
0.0
0.0
0.0
0.0
0.0
0.0
0.0
-9999.0
0.0
0.0
0.0
0.0
0.0
0.0
0.0
0.0
0.0
-9999.0
0.0
0.0
0.0
0.0
0.0
0.0
0.0
0.0
0.0
0.0
0.0
0.0
-9999.0
0.0
0.0
0.0
0.0
0.0
0.0
0.0
0.0
0.0
-9999.0
0.0
0.0
0.0
0.0
0.0
-9999.0
0.0
0.0
-9999.0
0.4
0.0
0.0
0.0
0.0
0.0
0.0
-9999.0
-9999.0
0.0
0.0
0.0
0.0
0.0
0.0
0.0
0.0
0.0
0.0
-9999.0
0.0
0.0
0.0
0.0
0.0
-9999.0
-9999.0
0.0
0.0
0.0
0.0
0.0
0.0
0.0
0.0
-9999.0
0.0
0.0
0.0
0.0
0.0
-9999.0
0.0
0.0
-9999.0
-9999.0
-9999.0
-9999.0
0.0
-9999.0
0.0
-9999.0
0.0
0.8
38.8
0.8
-9999.0
-9999.0
0.0
1.2
16.8
-9999.0
-9999.0
0.0
-9999.0
-9999.0
0.0
-9999.0
6.8
0.0
-9999.0
-9999.0
-9999.0
25.2
19.8
-9999.0
-9999.0
-9999.0
0.0
-9999.0
-9999.0
25.4
1.2
0.0
0.0
0.0
0.0
0.0
1.8
0.0
0.0
0.0
0.0
0.0
0.0
12.0
0.0
10.8
22.4
0.0
0.0
0.0
0.0
0.6
0.0
0.0
0.0
0.0
0.4
2.6
0.0
0.0
3.0
0.0
1.0
0.4
0.0
0.0
0.0
0.0
0.2
0.0
0.0
0.0
0.0
0.0
0.0
0.0
0.0
0.0
0.0
0.0
0.0
0.0
0.4
2.4
0.0
19.0
16.4
0.0
2.2
0.0
0.0
0.0
0.0
11.6
24.6
1.6
0.4
0.0
0.0
0.0
0.0
0.0
6.2
0.4
1.0
14.2
0.0
0.0
0.0
0.0
0.0
0.0
0.0
0.0
0.0
0.0
0.0
0.0
0.0
0.0
0.0
0.0
0.0
3.4
2.2
13.2
0.0
0.0
0.0
0.0
0.0
0.0
0.0
0.0
0.0
0.0
0.0
0.0
5.4
0.0
0.0
0.0
0.0
0.0
-9999.0
0.0
0.0
0.0
0.0
0.0
2.8
0.0
0.0
-9999.0
0.0
0.0
0.0
0.0
0.0
0.0
0.0
0.0
14.0
0.0
21.6
20.4
3.0
0.0
0.0
0.0
0.0
0.0
0.0
0.0
20.2
12.4
11.8
14.4
1.2
1.6
-9999.0
0.0
0.0
0.0
0.0
0.0
0.0
0.0
0.0
-9999.0
-9999.0
0.0
0.0
1.2
10.2
4.6
2.6
4.4
13.4
8.6
2.6
12.2
0.0
18.8
17.8
30.2
2.4
0.4
0.0
0.0
0.0
6.6
0.0
0.0
0.0
0.0
0.0
0.0
0.0
0.0
0.0
0.0
0.0
0.0
2.0
0.0
0.0
0.4
9.2
16.8
-9999.0
11.8
3.4
0.0
0.0
-9999.0
-9999.0
-9999.0
-9999.0
-9999.0
-9999.0
-9999.0
-9999.0
-9999.0
-9999.0
-9999.0
0.0
0.0
-9999.0
0.0
0.0
0.0
0.0
0.0
0.0
0.0
0.2
5.8
-9999.0
0.0
-9999.0
-9999.0
0.0
-9999.0
-9999.0
-9999.0
-9999.0
0.0
0.0
0.0
-9999.0
-9999.0
0.0
0.0
0.0
0.0
0.0
0.0
-9999.0
-9999.0
-9999.0
-9999.0
-9999.0
-9999.0
0.0
-9999.0
-9999.0
0.0
-9999.0
-9999.0
0.0
0.0
0.0
0.0
0.0
0.0
0.0
0.0
-9999.0
0.0
-9999.0
0.0
-9999.0
-9999.0
-9999.0
0.0
3.2
-9999.0
0.0
0.0
-9999.0
-9999.0
-9999.0
0.0
0.0
-9999.0
-9999.0
-9999.0
0.0
11.0
0.0
-9999.0
0.0
0.0
-9999.0
0.0
-9999.0
-9999.0
-9999.0
0.0
-9999.0
-9999.0
-9999.0
0.0
0.0
-9999.0
0.0
0.6
0.0
0.0
-9999.0
0.0
0.0
-9999.0
-9999.0
-9999.0
0.0
0.0
-9999.0
-9999.0
0.0
-9999.0
0.6
-9999.0
-9999.0
-9999.0
-9999.0
-9999.0
-9999.0
-9999.0
-9999.0
-9999.0
-9999.0
-9999.0
-9999.0
-9999.0
-9999.0
-9999.0
-9999.0
-9999.0
-9999.0
-9999.0
-9999.0
-9999.0
-9999.0
-9999.0
10.2
-9999.0
0.0
-9999.0
-9999.0
-9999.0
0.0
-9999.0
10.0
-9999.0
-9999.0
-9999.0
-9999.0
-9999.0
0.0
9.6
-9999.0
0.0
0.0
14.2
2.6
1.8
-9999.0
-9999.0
0.0
0.0
-9999.0
0.0
0.0
0.0
0.0
0.0
-9999.0
0.0
-9999.0
-9999.0
0.0
0.0
0.0
0.0
0.0
0.0
0.0
32.8
-9999.0
7.8
13.0
-9999.0
-9999.0
10.2
-9999.0
6.4
-9999.0
-9999.0
14.4
-9999.0
-9999.0
-9999.0
-9999.0
-9999.0
0.0
-9999.0
-9999.0
-9999.0
-9999.0
-9999.0
-9999.0
-9999.0
-9999.0
-9999.0
-9999.0
-9999.0
-9999.0
-9999.0
-9999.0
-9999.0
-9999.0
-9999.0
-9999.0
-9999.0
-9999.0
-9999.0
-9999.0
-9999.0
-9999.0
-9999.0
-9999.0
-9999.0
-9999.0
-9999.0
-9999.0
-9999.0
-9999.0
-9999.0
13.0
-9999.0
-9999.0
-9999.0
20.8
4.0
7.6
0.0
-9999.0
-9999.0
-9999.0
0.0
0.0
0.0
0.0
1.2
0.8
29.8
0.4
6.0
0.0
0.0
0.0
0.0
0.0
0.0
0.0
0.0
2.2
0.0
0.0
0.0
0.0
0.0
-9999.0
11.6
0.0
0.0
-9999.0
0.0
15.8
0.2
1.0
0.4
-9999.0
1.6
6.6
12.2
3.4
1.8
0.0
0.0
12.0
14.0
24.4
3.8
0.0
0.0
0.0
0.0
0.0
-9999.0
0.0
0.0
-9999.0
0.0
0.0
0.0
0.0
-9999.0
-9999.0
0.0
0.0
-9999.0
9.0
-9999.0
-9999.0
-9999.0
6.8
0.0
0.0
-9999.0
-9999.0
-9999.0
-9999.0
-9999.0
-9999.0
-9999.0
-9999.0
-9999.0
-9999.0
0.0
0.0
-9999.0
-9999.0
-9999.0
-9999.0
-9999.0
-9999.0
-9999.0
-9999.0
2.0
-9999.0
-9999.0
0.0
-9999.0
8.2
-9999.0
-9999.0
-9999.0
0.2
-9999.0
-9999.0
0.0
-9999.0
-9999.0
-9999.0
-9999.0
-9999.0
0.0
0.0
0.0
-9999.0
10.0
-9999.0
-9999.0
-9999.0
0.0
0.0
-9999.0
-9999.0
-9999.0
-9999.0
0.0
-9999.0
0.0
-9999.0
0.0
0.0
0.0
0.0
0.0
-9999.0
0.0
0.0
0.0
2.2
0.0
0.0
-9999.0
0.0
0.0
0.0
0.0
0.0
0.0
-9999.0
-9999.0
0.0
-9999.0
0.0
-9999.0
0.0
-9999.0
-9999.0
-9999.0
-9999.0
-9999.0
-9999.0
-9999.0
0.0
-9999.0
-9999.0
-9999.0
0.0
-9999.0
-9999.0
-9999.0
-9999.0
-9999.0
-9999.0
0.0
-9999.0
1.8
0.0
-9999.0
0.0
0.0
-9999.0
-9999.0
-9999.0
-9999.0
-9999.0
-9999.0
0.0
0.0
0.0
-9999.0
0.0
-9999.0
0.0
-9999.0
-9999.0
-9999.0
-9999.0
0.0
0.0
0.0
-9999.0
-9999.0
-9999.0
-9999.0
-9999.0
-9999.0
-9999.0
-9999.0
-9999.0
-9999.0
-9999.0
-9999.0
-9999.0
-9999.0
-9999.0
-9999.0
-9999.0
-9999.0
-9999.0
-9999.0
-9999.0
-9999.0
0.0
0.0
0.0
-9999.0
-9999.0
0.0
-9999.0
-9999.0
-9999.0
-9999.0
0.0
-9999.0
-9999.0
-9999.0
7.2
0.0
0.0
0.0
0.0
0.0
0.0
0.0
0.0
0.0
-9999.0
0.0
0.0
0.0
0.0
0.0
0.0
0.0
0.0
-9999.0
0.0
0.0
0.0
-9999.0
0.0
0.0
-9999.0
2.0
0.0
0.0
4.0
1.6
13.0
0.0
-9999.0
0.0
0.0
-9999.0
0.0
2.4
-9999.0
0.0
0.0
0.0
0.0
16.6
0.0
-9999.0
0.0
0.0
0.0
21.8
11.4
31.0
21.6
3.2
0.8
36.8
-9999.0
0.0
0.0
-9999.0
-9999.0
-9999.0
-9999.0
0.0
0.6
-9999.0
-9999.0
0.0
0.0
0.0
37.8
1.2
0.2
1.2
0.0
0.0
0.0
11.6
10.0
0.8
0.0
7.0
0.2
0.0
0.0
14.4
6.4
2.0
0.0
0.4
0.0
0.4
0.0
9.8
23.0
0.0
0.0
0.0
0.0
0.0
0.0
0.0
5.4
5.8
0.0
0.0
0.0
0.0
0.0
0.0
0.0
0.0
1.0
7.2
2.0
3.8
-9999.0
-9999.0
-9999.0
-9999.0
-9999.0
-9999.0
-9999.0
-9999.0
-9999.0
-9999.0
-9999.0
-9999.0
-9999.0
-9999.0
-9999.0
-9999.0
-9999.0
-9999.0
-9999.0
-9999.0
-9999.0
-9999.0
-9999.0
-9999.0
-9999.0
-9999.0
-9999.0
-9999.0
-9999.0
-9999.0
-9999.0
-9999.0
-9999.0
-9999.0
-9999.0
-9999.0
-9999.0
-9999.0
-9999.0
-9999.0
-9999.0
-9999.0
-9999.0
-9999.0
-9999.0
-9999.0
-9999.0
-9999.0
-9999.0
-9999.0
-9999.0
-9999.0
-9999.0
-9999.0
-9999.0
-9999.0
-9999.0
-9999.0
-9999.0
-9999.0
-9999.0
-9999.0
-9999.0
-9999.0
-9999.0
-9999.0
-9999.0
-9999.0
-9999.0
-9999.0
-9999.0
-9999.0
-9999.0
-9999.0
-9999.0
-9999.0
-9999.0
-9999.0
-9999.0
-9999.0
-9999.0
-9999.0
-9999.0
-9999.0
-9999.0
-9999.0
-9999.0
-9999.0
-9999.0
-9999.0
-9999.0
-9999.0
-9999.0
-9999.0
-9999.0
-9999.0
-9999.0
-9999.0
-9999.0
-9999.0
-9999.0
-9999.0
-9999.0
-9999.0
-9999.0
-9999.0
-9999.0
-9999.0
-9999.0
-9999.0
-9999.0
-9999.0
-9999.0
-9999.0
-9999.0
-9999.0
-9999.0
-9999.0
-9999.0
-9999.0
-9999.0
-9999.0
-9999.0
-9999.0
-9999.0
-9999.0
-9999.0
-9999.0
-9999.0
-9999.0
-9999.0
-9999.0
-9999.0
-9999.0
-9999.0
-9999.0
-9999.0
-9999.0
-9999.0
-9999.0
-9999.0
-9999.0
-9999.0
-9999.0
-9999.0
-9999.0
-9999.0
8.4
10.4
0.0
0.0
0.0
0.0
0.0
0.0
0.0
2.8
0.0
0.0
1.2
0.0
0.0
0.0
0.0
9.6
0.0
5.8
0.0
0.0
-9999.0
0.0
0.0
0.0
0.0
0.0
0.0
0.0
0.0
0.0
0.0
0.0
0.2
0.0
0.0
0.0
0.0
0.0
0.0
0.0
0.0
0.0
0.0
0.0
0.0
0.0
-9999.0
-9999.0
0.0
0.0
0.0
0.0
0.0
0.0
0.0
0.0
0.0
0.0
0.0
0.0
0.0
0.0
-9999.0
0.0
0.0
0.0
0.0
0.0
0.0
0.0
0.0
0.0
0.0
0.0
0.0
0.0
0.0
0.0
0.0
0.0
0.0
0.0
0.0
0.0
0.0
0.0
0.0
0.0
0.0
0.0
0.0
0.0
0.0
0.0
0.0
0.0
0.0
2.4
0.8
0.0
0.0
0.0
0.0
0.0
0.0
0.2
0.0
0.0
0.0
0.0
0.0
0.0
0.0
0.0
0.0
0.0
-9999.0
0.0
-9999.0
0.0
-9999.0
0.0
0.0
0.0
0.0
0.0
0.0
-9999.0
-9999.0
0.0
-9999.0
0.0
0.0
0.0
-9999.0
0.0
-9999.0
0.0
-9999.0
0.0
-9999.0
-9999.0
0.0
9.8
-9999.0
-9999.0
0.0
0.0
0.0
0.0
7.4
0.0
18.6
7.6
-9999.0
0.4
2.2
-9999.0
-9999.0
0.0
0.6
0.0
0.0
0.0
0.0
0.0
0.0
-9999.0
-9999.0
0.0
0.0
0.0
0.0
0.0
0.0
0.0
0.0
0.0
0.0
0.0
0.0
0.0
0.0
0.0
0.0
0.0
8.8
4.6
4.6
2.4
0.8
0.6
0.2
0.2
0.0
0.0
0.0
0.0
0.0
0.0
0.0
0.0
0.0
0.0
0.0
0.0
0.0
0.0
0.0
0.0
0.0
0.4
0.0
1.2
3.4
0.0
0.0
0.0
0.0
0.0
0.0
0.0
0.0
0.0
0.0
0.0
0.0
0.0
0.0
0.0
0.0
0.0
0.0
0.0
0.0
0.0
0.0
0.0
0.0
0.0
0.0
0.0
-9999.0
0.0
0.2
0.2
0.0
0.0
0.0
0.0
0.0
0.0
0.0
0.0
0.0
3.0
0.0
0.0
0.0
0.0
0.0
0.0
0.0
0.0
0.0
0.0
0.0
0.0
0.0
0.0
0.0
0.0
0.0
-9999.0
6.6
-9999.0
-9999.0
-9999.0
3.8
5.0
0.0
0.6
0.0
0.0
0.0
-9999.0
-9999.0
0.0
0.2
0.0
-9999.0
-9999.0
6.4
0.0
0.0
0.2
0.0
3.2
0.2
10.8
0.0
0.0
8.4
0.0
0.8
0.2
0.0
0.0
0.0
0.4
0.0
0.0
0.0
0.0
0.0
8.8
0.0
0.0
0.0
0.0
0.0
0.0
0.0
0.0
0.0
0.0
0.0
0.0
0.0
0.0
0.0
0.0
0.0
0.0
0.0
0.0
0.0
0.0
0.4
4.4
0.0
0.0
0.0
0.0
0.0
0.0
0.0
0.0
0.0
4.0
0.0
0.0
0.0
2.2
1.0
0.0
0.0
0.0
0.0
0.0
0.0
0.0
0.0
0.0
0.0
0.0
0.0
1.4
0.0
0.0
0.0
0.0
0.0
0.0
0.0
0.0
0.0
0.0
0.0
0.0
0.0
0.0
0.0
0.0
0.0
0.0
0.0
0.0
0.0
0.0
0.0
0.0
0.0
0.0
0.0
0.8
0.4
0.0
0.0
0.0
0.0
0.0
0.0
0.0
0.0
0.0
0.0
0.0
0.0
0.0
0.0
0.0
0.0
0.0
0.0
0.0
0.0
0.0
0.0
0.0
0.0
0.0
0.0
0.0
0.0
0.0
0.0
0.0
0.0
0.0
0.0
0.0
0.0
0.0
0.0
0.0
0.0
0.0
0.0
-9999.0
0.0
0.0
0.0
0.0
0.0
0.0
0.0
0.0
0.0
0.0
0.0
0.0
0.0
0.0
0.0
0.0
0.0
0.0
0.0
0.0
0.0
0.0
0.0
0.0
0.0
0.0
0.0
-9999.0
0.0
0.0
0.0
0.0
0.0
1.9
0.0
0.0
13.5
0.0
0.0
0.0
0.0
0.0
0.0
0.0
0.0
0.1
1.3
0.0
0.0
0.0
0.0
0.0
0.0
0.0
0.0
0.1
0.0
0.0
0.0
0.0
15.6
7.8
14.6
0.1
0.0
0.0
0.0
8.1
5.1
0.0
0.3
0.0
1.0
0.0
0.0
0.0
0.0
0.0
3.4
0.0
2.0
0.0
0.0
0.0
0.0
0.0
0.0
0.0
0.0
0.2
0.0
0.0
0.0
3.7
0.4
8.5
5.4
0.1
0.0
0.0
0.0
0.0
4.0
0.0
3.9
0.0
9.4
0.0
2.5
0.0
0.0
0.0
0.0
37.8
1.8
1.1
0.2
0.0
0.0
0.0
0.0
0.0
0.0
0.0
0.0
0.0
0.0
0.0
0.0
0.0
0.0
0.0
0.0
0.0
0.0
0.4
4.7
12.1
3.5
0.0
0.2
-9999.0
-9999.0
-9999.0
-9999.0
-9999.0
-9999.0
-9999.0
-9999.0
-9999.0
-9999.0
-9999.0
-9999.0
-9999.0
0.0
0.0
1.0
3.1
7.9
-9999.0
0.0
0.0
0.0
0.0
0.0
0.0
0.0
0.3
0.1
18.4
8.3
7.2
0.0
0.0
0.0
0.0
1.9
0.7
0.0
0.0
0.0
-9999.0
-9999.0
-9999.0
-9999.0
-9999.0
0.0
0.0
0.0
1.2
0.1
9.2
5.8
4.2
5.7
10.5
7.0
0.0
-9999.0
-9999.0
-9999.0
0.0
-9999.0
-9999.0
-9999.0
14.4
-9999.0
-9999.0
0.0
0.0
0.0
0.0
0.0
0.0
0.0
0.0
0.0
0.0
8.0
4.3
9.0
17.9
11.1
0.1
5.8
1.5
0.0
0.0
0.0
0.0
0.0
0.0
0.0
0.0
0.0
0.0
0.0
0.7
0.1
0.0
0.0
0.0
0.0
0.0
-9999.0
-9999.0
-9999.0
-9999.0
-9999.0
0.1
0.0
0.0
0.0
0.0
18.8
0.0
0.0
0.0
0.0
0.0
11.5
0.0
0.0
0.0
8.6
29.9
1.9
14.7
0.9
0.0
0.0
0.0
0.0
1.8
0.0
0.0
0.0
0.0
0.0
0.0
0.0
0.0
0.0
0.0
0.0
0.0
0.0
0.0
0.0
0.0
0.0
0.0
0.0
18.8
0.0
0.0
0.0
0.0
0.0
0.0
0.0
0.0
1.4
0.0
0.0
0.0
0.0
0.0
-9999.0
-9999.0
-9999.0
-9999.0
-9999.0
-9999.0
-9999.0
-9999.0
-9999.0
-9999.0
-9999.0
0.0
0.0
0.0
0.0
0.0
0.0
0.0
0.0
0.0
0.0
0.0
0.0
0.0
0.0
0.0
0.0
0.5
0.0
0.0
0.2
0.0
0.0
0.0
0.0
0.0
0.0
0.0
0.0
0.0
0.0
0.0
0.0
0.0
0.0
0.0
0.0
0.0
0.0
0.0
0.0
0.0
0.0
0.0
1.4
0.0
0.0
0.0
0.0
0.0
0.0
0.0
0.0
27.1
0.0
0.0
0.0
0.0
0.0
0.0
0.0
0.0
0.0
0.0
0.0
0.0
0.0
0.0
0.0
0.0
0.0
0.0
0.0
0.1
0.0
0.0
3.9
11.6
3.2
0.1
14.6
0.6
0.0
0.0
0.0
0.0
0.0
0.0
0.0
0.0
0.0
0.0
0.0
0.0
0.0
0.0
0.0
0.0
0.0
0.0
0.0
0.0
0.0
0.0
0.0
0.0
0.0
0.0
0.0
0.0
0.0
0.0
0.0
0.0
0.0
1.9
6.5
10.2
2.5
0.0
7.8
0.0
11.9
0.0
0.0
0.0
0.0
0.0
0.0
0.7
18.6
15.9
0.0
0.0
0.8
2.0
0.2
0.0
0.0
0.0
0.0
0.0
0.0
0.0
23.0
0.8
0.0
0.0
0.0
1.0
0.0
0.0
0.0
3.1
0.5
0.0
0.0
0.0
0.0
0.0
1.7
0.0
0.0
12.1
0.0
2.0
5.2
0.0
0.0
0.0
-9999.0
-9999.0
-9999.0
-9999.0
-9999.0
-9999.0
0.0
0.0
0.0
0.0
0.0
5.1
8.4
0.0
0.0
0.0
0.0
0.0
0.0
0.0
0.0
0.0
0.0
0.0
0.0
-9999.0
-9999.0
-9999.0
-9999.0
-9999.0
-9999.0
-9999.0
-9999.0
-9999.0
-9999.0
-9999.0
-9999.0
-9999.0
-9999.0
-9999.0
-9999.0
-9999.0
-9999.0
0.6
0.0
9.3
10.6
0.0
4.4
2.8
0.3
0.0
0.6
0.0
-9999.0
0.0
0.0
3.2
27.9
1.5
0.0
0.1
2.8
0.4
0.0
0.0
0.0
11.8
0.0
0.0
-9999.0
-9999.0
-9999.0
-9999.0
-9999.0
0.0
0.0
0.0
0.0
-9999.0
-9999.0
-9999.0
-9999.0
-9999.0
-9999.0
6.1
0.0
0.0
0.0
0.0
0.0
0.0
0.0
0.0
0.0
0.0
0.0
0.0
0.0
0.0
0.0
0.0
0.0
0.0
2.5
3.0
1.7
0.0
0.0
4.7
-9999.0
-9999.0
1.3
6.3
7.5
1.1
0.0
0.0
0.9
1.2
0.0
8.5
0.8
0.0
0.0
0.0
0.0
0.0
7.3
0.0
0.0
0.0
0.0
0.0
0.0
0.0
0.0
0.0
0.0
0.0
1.0
30.8
0.0
0.0
0.0
0.1
0.0
0.0
0.0
0.0
0.0
0.0
0.0
0.0
0.0
0.0
0.0
0.0
0.0
0.0
0.2
-9999.0
-9999.0
-9999.0
0.0
0.0
0.0
0.0
0.0
-9999.0
-9999.0
-9999.0
-9999.0
-9999.0
-9999.0
-9999.0
-9999.0
0.0
0.0
0.0
0.0
0.0
0.0
0.0
0.1
0.2
0.0
0.0
0.0
0.0
0.0
0.0
0.0
0.0
0.0
0.0
0.0
0.0
0.0
0.0
0.0
0.0
-9999.0
0.0
0.0
0.0
0.0
0.0
0.0
0.0
0.0
0.0
0.0
0.0
0.0
0.0
0.0
0.0
0.0
0.0
0.0
0.0
0.0
0.0
0.0
0.0
0.0
0.0
0.0
0.0
0.0
0.0
0.0
0.0
0.0
0.0
0.0
0.0
0.0
0.0
0.0
0.0
0.0
0.0
0.0
0.0
0.0
0.0
0.0
0.0
0.0
0.0
0.0
1.5
0.0
0.0
0.3
0.0
0.0
0.0
0.0
0.0
0.0
0.0
0.0
0.0
0.0
0.0
0.0
0.0
0.0
0.0
0.5
0.0
0.0
0.0
0.0
0.0
0.0
0.0
0.0
0.0
0.0
0.0
0.0
0.0
0.0
0.0
0.0
0.0
0.0
0.0
0.0
0.0
0.0
-9999.0
-9999.0
0.0
-9999.0
0.0
0.0
0.0
0.0
0.0
0.0
0.0
0.0
0.0
0.0
0.0
0.0
0.0
0.0
0.0
0.0
0.0
0.0
0.0
0.0
0.0
0.0
-9999.0
0.0
0.0
0.0
-9999.0
0.0
0.0
0.0
0.0
0.0
0.0
0.0
0.0
0.0
0.0
-9999.0
-9999.0
-9999.0
-9999.0
-9999.0
-9999.0
-9999.0
-9999.0
-9999.0
-9999.0
-9999.0
-9999.0
-9999.0
-9999.0
-9999.0
-9999.0
-9999.0
-9999.0
-9999.0
-9999.0
-9999.0
-9999.0
-9999.0
-9999.0
-9999.0
-9999.0
-9999.0
-9999.0
-9999.0
-9999.0
-9999.0
-9999.0
-9999.0
-9999.0
-9999.0
-9999.0
-9999.0
-9999.0
-9999.0
-9999.0
-9999.0
-9999.0
-9999.0
-9999.0
-9999.0
-9999.0
-9999.0
-9999.0
-9999.0
-9999.0
-9999.0
-9999.0
-9999.0
-9999.0
-9999.0
-9999.0
-9999.0
-9999.0
-9999.0
-9999.0
-9999.0
-9999.0
-9999.0
-9999.0
-9999.0
-9999.0
-9999.0
-9999.0
-9999.0
-9999.0
-9999.0
-9999.0
-9999.0
-9999.0
-9999.0
-9999.0
-9999.0
-9999.0
-9999.0
-9999.0
-9999.0
-9999.0
-9999.0
-9999.0
-9999.0
-9999.0
-9999.0
-9999.0
-9999.0
-9999.0
-9999.0
-9999.0
-9999.0
-9999.0
-9999.0
-9999.0
-9999.0
-9999.0
-9999.0
-9999.0
-9999.0
-9999.0
-9999.0
-9999.0
-9999.0
-9999.0
-9999.0
-9999.0
-9999.0
-9999.0
-9999.0
-9999.0
-9999.0
-9999.0
-9999.0
-9999.0
-9999.0
-9999.0
-9999.0
-9999.0
-9999.0
-9999.0
-9999.0
-9999.0
-9999.0
-9999.0
-9999.0
-9999.0
-9999.0
-9999.0
-9999.0
-9999.0
-9999.0
-9999.0
-9999.0
-9999.0
-9999.0
-9999.0
-9999.0
-9999.0
-9999.0
-9999.0
-9999.0
-9999.0
-9999.0
-9999.0
-9999.0
-9999.0
-9999.0
-9999.0
-9999.0
-9999.0
-9999.0
-9999.0
-9999.0
-9999.0
-9999.0
-9999.0
-9999.0
-9999.0
-9999.0
-9999.0
-9999.0
-9999.0
-9999.0
-9999.0
-9999.0
-9999.0
-9999.0
-9999.0
-9999.0
-9999.0
-9999.0
-9999.0
-9999.0
-9999.0
-9999.0
0.0
0.0
0.0
0.0
0.0
0.0
0.0
0.0
0.0
0.0
0.0
0.0
0.0
0.0
0.0
0.0
0.0
0.0
0.0
0.0
0.0
0.0
0.0
0.0
0.0
-9999.0
-9999.0
-9999.0
-9999.0
-9999.0
-9999.0
-9999.0
-9999.0
-9999.0
-9999.0
-9999.0
-9999.0
-9999.0
-9999.0
-9999.0
-9999.0
-9999.0
-9999.0
-9999.0
-9999.0
-9999.0
-9999.0
-9999.0
-9999.0
-9999.0
-9999.0
-9999.0
-9999.0
-9999.0
-9999.0
-9999.0
-9999.0
-9999.0
-9999.0
-9999.0
-9999.0
-9999.0
-9999.0
-9999.0
-9999.0
-9999.0
-9999.0
-9999.0
-9999.0
-9999.0
-9999.0
-9999.0
-9999.0
-9999.0
-9999.0
-9999.0
-9999.0
-9999.0
-9999.0
-9999.0
-9999.0
-9999.0
-9999.0
-9999.0
-9999.0
-9999.0
-9999.0
-9999.0
-9999.0
-9999.0
-9999.0
-9999.0
-9999.0
-9999.0
-9999.0
-9999.0
-9999.0
-9999.0
-9999.0
-9999.0
-9999.0
-9999.0
-9999.0
-9999.0
-9999.0
-9999.0
-9999.0
-9999.0
-9999.0
-9999.0
-9999.0
-9999.0
-9999.0
-9999.0
-9999.0
-9999.0
-9999.0
-9999.0
-9999.0
-9999.0
-9999.0
-9999.0
-9999.0
-9999.0
-9999.0
-9999.0
-9999.0
-9999.0
-9999.0
-9999.0
-9999.0
-9999.0
-9999.0
-9999.0
-9999.0
-9999.0
-9999.0
-9999.0
-9999.0
-9999.0
-9999.0
-9999.0
-9999.0
-9999.0
-9999.0
-9999.0
-9999.0
-9999.0
-9999.0
-9999.0
-9999.0
-9999.0
-9999.0
-9999.0
-9999.0
-9999.0
-9999.0
-9999.0
-9999.0
-9999.0
-9999.0
-9999.0
-9999.0
-9999.0
-9999.0
-9999.0
-9999.0
-9999.0
-9999.0
-9999.0
-9999.0
-9999.0
-9999.0
-9999.0
-9999.0
-9999.0
-9999.0
-9999.0
-9999.0
-9999.0
-9999.0
-9999.0
-9999.0
-9999.0
-9999.0
-9999.0
-9999.0
-9999.0
-9999.0
-9999.0
-9999.0
-9999.0
-9999.0
-9999.0
-9999.0
-9999.0
-9999.0
-9999.0
-9999.0
-9999.0
-9999.0
-9999.0
-9999.0
-9999.0
-9999.0
-9999.0
-9999.0
-9999.0
-9999.0
-9999.0
-9999.0
-9999.0
-9999.0
-9999.0
-9999.0
-9999.0
-9999.0
-9999.0
-9999.0
-9999.0
-9999.0
-9999.0
-9999.0
-9999.0
-9999.0
-9999.0
-9999.0
-9999.0
-9999.0
-9999.0
-9999.0
-9999.0
-9999.0
-9999.0
-9999.0
-9999.0
-9999.0
-9999.0
-9999.0
-9999.0
-9999.0
-9999.0
-9999.0
-9999.0
-9999.0
-9999.0
-9999.0
-9999.0
-9999.0
-9999.0
-9999.0
-9999.0
-9999.0
-9999.0
-9999.0
-9999.0
-9999.0
-9999.0
-9999.0
-9999.0
-9999.0
-9999.0
-9999.0
-9999.0
-9999.0
-9999.0
-9999.0
-9999.0
-9999.0
-9999.0
-9999.0
-9999.0
-9999.0
-9999.0
-9999.0
-9999.0
-9999.0
-9999.0
-9999.0
-9999.0
-9999.0
-9999.0
-9999.0
-9999.0
-9999.0
-9999.0
-9999.0
-9999.0
-9999.0
-9999.0
-9999.0
-9999.0
-9999.0
-9999.0
-9999.0
-9999.0
-9999.0
-9999.0
-9999.0
-9999.0
-9999.0
-9999.0
-9999.0
-9999.0
-9999.0
-9999.0
-9999.0
-9999.0
-9999.0
-9999.0
-9999.0
-9999.0
-9999.0
-9999.0
-9999.0
0.0
0.0
-9999.0
0.0
-9999.0
0.0
-9999.0
0.0
-9999.0
-9999.0
-9999.0
-9999.0
-9999.0
-9999.0
-9999.0
-9999.0
-9999.0
-9999.0
-9999.0
-9999.0
-9999.0
-9999.0
-9999.0
-9999.0
-9999.0
-9999.0
-9999.0
-9999.0
-9999.0
-9999.0
-9999.0
-9999.0
-9999.0
-9999.0
-9999.0
-9999.0
-9999.0
0.0
-9999.0
-9999.0
-9999.0
-9999.0
-9999.0
-9999.0
-9999.0
-9999.0
-9999.0
-9999.0
-9999.0
-9999.0
-9999.0
-9999.0
-9999.0
0.0