6 9 2000
604 
0.0
0.0
0.0
0.0
0.0
0.0
0.0
0.0
0.0
0.0
0.0
0.0
3.4
0.0
0.0
0.0
0.0
0.0
0.0
0.2
2.2
0.0
3.4
3.8
2.0
0.0
0.0
0.0
0.0
0.0
0.0
0.0
0.0
0.0
0.0
10.4
7.4
0.4
0.0
0.0
0.0
0.0
0.0
0.0
1.6
9.2
12.4
21.8
1.6
0.2
0.0
0.0
0.0
0.0
0.0
0.2
0.0
0.8
0.0
0.0
0.2
4.4
0.0
0.0
0.0
0.0
0.0
0.0
5.8
0.4
0.0
0.8
0.2
0.0
0.0
0.0
0.0
2.2
1.8
0.2
0.0
0.0
0.0
0.0
1.4
0.0
0.8
0.2
0.0
0.0
0.6
0.4
4.6
0.4
0.0
0.0
0.0
0.0
0.0
0.0
0.0
0.0
0.0
0.0
0.0
0.0
2.2
8.6
4.2
8.6
24.2
10.4
1.4
4.2
3.0
6.0
0.0
7.2
1.0
0.0
0.0
0.0
0.2
0.0
0.0
0.6
1.2
5.4
0.2
0.0
0.0
0.0
0.4
0.0
10.0
0.0
0.0
0.0
0.0
0.0
1.4
0.6
0.4
5.6
5.8
0.4
0.0
0.0
0.0
0.0
0.0
0.0
0.0
0.0
1.4
1.8
0.0
0.0
0.0
0.0
0.0
1.8
0.6
0.6
0.0
0.0
0.0
0.0
0.0
0.0
0.4
0.0
0.0
3.2
4.0
0.6
9.0
15.2
2.0
0.0
0.0
0.0
1.8
0.0
0.0
0.0
0.0
0.0
0.0
0.0
0.0
0.0
0.0
0.0
0.0
0.0
0.0
0.0
0.0
0.0
0.0
1.4
0.0
0.0
0.0
0.0
0.0
0.0
0.0
0.0
0.0
0.0
0.0
0.0
0.0
0.0
0.0
0.0
0.0
0.0
0.0
0.0
0.0
0.0
0.0
0.0
7.2
0.0
0.0
0.0
0.0
0.0
0.0
0.0
0.0
0.0
1.0
0.0
0.0
7.4
0.8
0.0
5.8
0.0
0.2
0.2
0.0
0.0
0.0
0.0
0.0
0.0
0.0
0.0
18.4
7.4
10.6
3.0
4.6
0.0
0.0
0.0
0.0
0.0
0.0
0.0
0.0
0.0
0.0
0.0
0.0
0.0
0.0
0.0
0.0
0.0
0.0
0.0
17.4
0.0
0.0
0.0
0.0
0.0
0.0
0.0
0.0
0.0
0.0
0.0
0.0
0.0
0.0
0.0
0.0
0.0
0.0
0.0
0.0
0.0
0.0
0.0
0.0
0.0
0.0
0.0
0.0
0.0
0.0
0.0
0.0
0.0
0.0
0.0
0.4
0.0
0.0
0.0
0.0
0.0
0.0
0.0
0.0
0.0
0.0
0.0
0.2
0.6
0.0
0.0
0.0
0.0
0.0
0.0
0.0
0.0
0.0
0.0
0.0
0.0
0.0
1.8
1.2
0.0
0.0
0.0
0.0
0.0
0.0
0.0
0.0
0.0
0.0
0.0
0.4
0.0
0.0
0.0
0.0
0.0
0.0
0.0
0.0
0.0
0.0
0.0
0.0
0.0
0.0
0.0
0.0
0.0
0.0
0.0
0.0
0.0
0.0
0.0
3.8
0.2
0.2
32.6
0.6
0.0
0.0
0.0
0.4
1.2
0.6
0.0
0.0
0.0
0.2
0.2
0.0
0.2
0.0
0.0
0.0
10.0
23.8
38.2
0.0
0.0
0.0
2.0
0.8
0.0
12.8
3.6
0.0
0.0
0.0
0.0
0.0
0.0
0.0
0.0
0.0
0.0
0.0
0.0
9.6
0.0
3.2
4.0
0.8
0.0
0.0
1.2
2.8
3.0
8.8
0.0
0.0
0.2
2.2
0.0
0.0
0.0
0.0
6.2
1.4
0.2
0.0
0.0
0.0
1.0
0.0
0.0
0.0
0.0
0.0
0.0
0.0
0.0
0.0
0.0
0.0
0.0
0.0
0.0
3.0
0.0
8.2
8.2
0.0
0.6
0.0
0.0
0.0
0.0
1.6
12.8
2.8
0.0
0.2
0.0
0.0
0.0
0.4
4.6
0.0
0.0
3.8
0.0
0.2
0.0
0.0
0.0
0.2
0.0
0.2
0.0
0.0
0.0
0.0
0.0
0.0
0.0
0.0
0.0
0.0
0.0
3.4
0.0
0.0
0.0
0.0
0.0
0.0
0.0
0.0
0.0
0.0
0.0
0.0
0.0
0.0
0.0
0.0
0.0
0.0
0.0
0.0
0.0
0.0
0.0
0.6
1.0
0.0
0.0
0.0
0.0
0.0
0.0
0.0
0.0
0.0
0.0
0.0
3.8
0.0
25.0
6.4
2.0
0.0
2.0
0.0
0.0
0.0
0.0
0.0
2.0
7.0
3.8
11.6
0.0
0.0
0.0
0.0
0.0
0.0
0.0
0.0
0.0
0.0
0.0
0.0
0.0
0.0
0.0
22.6
2.8
2.4
0.4
0.6
1.2
4.8
1.8
4.8
0.2
7.6
0.0
2.8
1.4
0.4
0.0
0.0
3.8
0.2
0.0
0.0
0.0
0.0
0.0
0.0
0.0
0.0
0.0
0.0
0.0
0.0
2.0
0.2
0.0
1.6
12.6
0.8
0.0
0.2
1.8
0.0
0.0
0.0
0.0
0.0
0.0
0.0
0.0
0.0
0.0
0.0
0.0
0.0
0.0
0.0
0.0
0.0
0.0
0.0
0.0
0.0
0.0
0.0
0.0
0.0
0.0
0.0
0.0
0.0
0.0
0.0
0.0
0.0
0.0
0.0
0.0
0.0
0.0
0.0
0.0
0.0
0.0
0.0
0.0
0.0
0.0
0.0
0.0
0.0
0.0
43.0
0.0
0.0
0.0
0.0
0.0
0.0
0.0
0.0
0.0
0.0
0.0
0.0
0.0
0.0
0.0
0.0
0.0
0.0
0.0
0.0
0.4
0.0
0.0
0.0
0.0
0.0
0.0
0.0
0.0
0.0
0.0
0.0
0.0
0.0
0.0
0.2
0.0
0.0
0.0
0.0
0.0
0.0
0.0
0.0
0.0
0.0
0.0
0.0
0.6
0.0
0.0
0.0
0.0
1.8
0.0
0.0
0.0
0.0
0.0
0.0
0.0
0.0
0.0
0.0
0.0
0.0
0.0
0.0
0.0
0.0
0.0
0.0
0.0
0.0
0.0
0.0
0.2
6.8
0.2
0.0
0.0
1.0
1.8
0.0
1.2
0.0
0.0
0.0
0.0
0.0
0.6
1.2
3.6
0.0
0.4
0.0
0.0
0.2
0.0
2.6
1.6
0.6
0.0
0.0
0.0
0.0
0.0
1.2
0.0
0.0
0.0
0.6
0.0
0.2
0.0
0.0
0.0
0.0
0.0
0.0
0.0
0.0
0.0
0.0
0.0
0.0
0.0
0.0
0.0
0.0
0.0
0.0
0.0
0.0
0.0
4.4
24.0
0.8
1.4
0.2
0.0
3.6
1.0
1.0
0.0
24.4
8.6
0.2
0.0
0.6
1.8
0.0
0.0
2.4
0.0
0.0
0.0
0.0
0.0
0.0
0.0
2.0
0.0
0.0
0.0
1.2
0.0
0.0
0.0
4.2
13.6
1.8
0.0
0.0
0.0
0.4
0.0
0.0
0.0
28.4
0.0
0.0
0.2
0.0
0.0
0.0
0.8
2.6
4.4
0.2
6.4
5.6
0.6
0.0
3.0
1.0
3.4
0.2
0.4
0.0
0.0
0.2
0.4
19.8
0.2
0.4
0.0
0.0
0.0
0.0
0.0
0.0
0.0
3.6
0.0
0.0
0.0
0.0
0.0
0.0
0.0
1.2
0.2
0.0
0.0
0.0
11.4
2.8
3.0
0.4
9.0
1.0
0.2
7.2
0.6
1.4
0.0
0.0
2.8
14.0
19.8
0.2
0.0
0.0
0.0
0.0
0.0
0.0
0.0
0.0
0.0
0.0
0.0
0.0
0.0
0.0
0.0
0.0
0.0
0.4
4.0
11.2
0.0
0.0
0.0
0.4
0.0
0.2
4.4
5.8
4.2
4.2
0.0
0.0
0.0
0.0
0.0
0.0
0.0
0.0
0.0
0.0
0.8
0.0
0.0
0.0
1.2
1.0
0.4
0.4
0.0
1.0
4.8
2.8
8.8
5.6
0.0
0.0
0.0
0.0
0.0
0.0
0.0
0.0
0.0
0.0
0.0
0.4
14.6
13.8
3.6
1.4
0.0
0.0
0.0
0.0
0.0
0.0
0.0
5.4
0.0
0.0
0.0
0.0
0.0
0.0
0.0
0.0
0.0
0.0
0.0
0.0
0.0
0.0
0.0
1.8
0.0
0.0
0.0
0.0
0.0
3.6
3.6
0.0
0.0
0.0
0.0
0.0
0.2
0.6
0.0
0.0
0.0
0.0
0.0
0.0
0.0
0.0
0.0
0.0
0.0
0.0
0.0
0.0
0.0
0.0
0.0
0.0
0.0
0.0
0.0
0.0
0.0
0.0
0.0
0.0
0.0
0.0
0.0
0.0
0.0
0.0
0.0
0.0
0.0
0.0
0.0
0.0
0.0
0.0
0.0
0.0
0.0
0.0
0.0
0.0
0.0
0.0
0.0
0.0
0.0
0.0
1.8
0.0
0.0
0.0
0.0
0.0
0.0
0.0
0.0
0.2
0.0
0.0
0.0
0.2
0.0
0.0
0.0
0.0
0.0
0.0
0.0
0.0
0.0
0.0
0.0
0.0
0.0
0.0
3.4
0.0
0.0
0.0
0.0
0.0
0.0
0.0
0.0
0.0
0.0
0.0
0.0
0.0
0.0
0.0
0.0
0.0
0.0
0.0
0.0
0.0
0.0
0.0
0.0
0.0
0.0
0.0
0.0
0.0
5.0
0.2
22.0
0.0
0.0
0.0
0.0
4.8
0.0
0.6
4.2
0.0
1.4
0.2
0.0
0.4
0.0
0.2
0.0
0.0
0.6
9.2
1.8
13.8
0.4
0.0
0.0
20.0
0.2
0.0
0.0
0.0
0.0
0.2
0.0
0.0
0.0
0.2
0.0
0.0
0.0
0.0
13.6
6.0
5.0
16.0
1.0
0.0
0.0
3.0
0.8
0.6
1.2
0.0
0.0
0.0
0.0
1.4
0.2
0.0
0.0
4.4
2.2
3.4
0.0
3.0
11.0
0.0
0.0
0.0
0.0
0.0
0.0
0.0
0.0
1.4
0.0
0.0
0.0
0.0
0.0
0.0
0.0
0.0
0.0
0.4
0.0
0.0
0.0
0.0
0.0
0.0
0.0
0.0
0.0
0.0
0.0
0.0
0.0
0.0
0.0
0.0
0.0
0.0
0.0
0.0
0.0
0.0
0.0
0.0
0.0
0.0
0.0
0.0
0.0
6.2
2.0
0.0
0.0
0.6
0.0
0.0
0.0
0.0
0.0
0.0
0.0
0.0
0.0
0.0
0.0
0.0
0.0
0.0
0.0
0.0
0.0
0.0
0.0
4.0
0.2
2.0
3.0
16.0
2.8
1.4
1.8
0.2
0.0
0.0
0.0
0.0
0.0
0.0
0.0
0.0
0.0
0.0
0.0
0.0
0.0
0.0
3.2
1.0
2.6
0.0
0.0
0.0
0.0
0.0
0.0
0.0
0.0
5.8
7.8
3.6
21.8
4.4
0.6
0.0
2.2
0.0
0.0
0.0
0.0
0.0
0.0
4.6
22.2
1.8
0.0
0.0
0.0
0.2
27.2
0.0
0.0
0.0
0.0
0.0
0.4
0.4
0.0
0.0
0.0
0.0
0.0
16.8
0.2
0.0
0.0
18.8
4.6
0.0
0.0
0.0
0.0
0.0
0.0
7.0
6.2
0.2
0.8
0.0
0.2
0.0
0.0
0.0
0.0
0.0
1.4
0.0
0.0
4.0
2.4
4.0
8.0
0.0
0.0
0.0
0.0
0.4
0.0
0.0
0.0
0.0
0.0
0.0
0.0
0.0
0.0
0.0
8.2
12.6
0.0
0.0
0.0
0.0
0.0
0.0
0.0
0.0
0.0
0.0
0.0
0.0
0.0
0.0
0.0
3.2
0.0
0.0
0.0
0.0
0.0
0.0
0.0
0.0
0.0
0.0
0.0
0.0
0.0
0.0
0.0
0.0
0.0
0.0
0.0
0.0
0.0
0.0
0.0
0.0
1.4
11.6
0.0
0.0
0.0
0.0
0.0
0.0
0.2
0.0
0.0
0.0
0.0
0.0
0.0
0.0
0.0
0.0
0.0
0.0
0.0
0.0
0.0
0.0
0.0
0.0
0.0
0.0
0.0
0.0
0.0
0.0
0.0
0.0
0.0
0.0
0.0
0.0
0.0
0.0
0.2
0.0
0.0
0.0
0.0
0.0
0.0
0.0
0.0
9.8
1.0
0.0
0.0
0.0
0.0
0.0
0.0
0.0
0.0
0.0
0.0
0.0
0.0
0.0
0.0
0.0
0.0
0.0
0.0
0.0
0.0
0.0
0.0
0.0
0.2
0.0
0.0
0.0
0.0
0.0
0.0
0.0
0.0
0.0
0.0
0.0
2.4
0.2
0.0
0.0
0.0
0.0
0.0
7.8
0.0
1.4
0.8
1.0
0.0
0.0
0.0
0.0
0.0
0.8
0.0
0.0
0.0
0.0
0.0
0.0
0.0
0.0
0.0
0.0
0.0
0.0
0.0
0.0
0.0
0.0
0.0
0.0
0.0
0.0
0.0
0.0
0.0
0.0
0.4
10.8
2.0
5.0
14.2
3.4
2.6
0.0
0.0
2.8
0.0
0.0
0.0
0.0
0.0
0.0
0.0
0.0
0.0
0.0
0.0
0.0
0.0
0.0
0.0
0.0
0.0
0.4
0.0
0.2
0.2
0.0
0.0
0.0
0.0
0.0
0.0
0.0
0.0
0.0
0.0
0.0
0.0
0.0
0.0
0.0
0.0
0.0
0.0
0.0
0.0
0.0
0.0
0.0
0.0
0.0
0.0
0.0
0.0
0.0
0.0
0.0
0.0
0.0
0.0
0.0
0.0
0.0
0.0
0.0
8.6
13.0
0.4
0.0
0.0
0.0
0.0
0.0
0.0
0.0
0.0
0.0
0.0
0.0
0.0
3.2
0.0
0.0
0.2
2.2
1.0
1.6
3.4
8.6
0.6
0.6
12.0
2.6
0.2
0.0
0.0
1.0
0.2
0.2
0.2
0.0
0.0
0.0
0.0
0.0
0.0
0.0
0.0
0.0
0.0
0.0
0.0
0.6
0.0
0.0
0.0
0.0
0.0
2.2
0.6
1.4
1.6
0.0
0.0
0.0
7.8
0.0
0.0
0.0
0.0
0.0
0.0
0.0
0.0
0.0
0.0
0.0
0.0
0.0
0.0
0.0
0.0
0.0
0.0
0.0
0.0
0.0
0.0
0.0
7.0
0.0
0.0
0.0
0.0
0.0
0.0
0.0
0.0
0.0
0.0
0.0
0.0
0.0
1.2
0.0
0.0
0.0
0.0
0.0
0.0
0.0
0.0
0.0
0.0
0.0
0.0
0.0
3.6
0.0
0.0
0.0
0.0
0.0
0.0
0.0
0.0
0.0
0.0
0.0
0.0
0.0
0.0
0.0
0.0
0.0
0.0
0.0
0.0
0.0
0.0
0.0
0.0
0.0
0.0
0.0
0.6
0.0
0.0
0.0
0.0
0.0
0.0
0.0
0.0
0.0
0.0
0.0
0.0
0.0
0.0
0.0
0.0
0.0
0.0
0.0
0.0
0.0
0.0
0.0
0.0
0.0
0.0
0.0
0.0
0.0
0.0
0.0
0.0
0.0
0.0
0.0
0.0
0.0
0.0
0.0
0.0
8.6
0.0
0.0
0.0
0.0
0.0
0.0
0.0
0.0
0.0
0.0
0.0
0.6
0.0
0.0
0.0
0.0
0.0
0.0
0.0
0.0
0.0
0.0
0.0
0.0
0.0
0.0
0.0
0.0
0.0
2.2
8.2
0.0
0.0
0.0
0.0
0.0
0.2
0.0
0.0
2.2
0.0
0.0
0.0
0.0
0.0
0.0
0.0
0.0
0.0
0.0
0.0
0.0
0.0
0.0
0.0
0.0
0.0
0.0
0.0
0.0
0.0
0.0
0.0
2.0
2.4
2.0
0.0
0.0
0.0
0.0
1.6
9.8
0.0
0.0
0.0
0.8
0.0
0.0
0.0
0.0
0.0
0.4
0.0
1.6
0.0
0.0
0.0
0.0
0.0
0.0
0.0
0.0
0.0
0.0
0.0
0.0
0.2
2.0
3.4
0.2
0.0
0.0
0.0
0.0
0.0
8.2
0.0
0.0
0.0
3.6
0.2
0.0
0.0
0.0
0.0
0.0
3.8
0.2
0.0
0.0
0.0
0.0
0.0
0.0
0.0
0.0
0.0
0.0
0.0
0.0
0.0
0.0
0.0
0.0
0.4
0.0
0.0
0.0
0.2
0.4
0.8
0.4
0.0
0.0
0.0
0.0
0.0
0.0
0.0
0.0
0.0
5.0
0.0
0.0
0.4
4.2
0.2
0.0
0.0
0.0
0.0
3.8
3.4
0.0
0.0
0.0
0.0
0.0
0.0
0.0
0.0
0.0
7.4
0.0
3.8
4.0
0.4
0.0
0.0
2.0
0.2
0.0
0.0
0.2
0.0
16.4
2.6
8.2
0.8
0.0
0.0
0.0
0.0
0.0
4.0
2.2
1.2
0.2
0.2
1.0
4.2
2.6
3.8
0.4
0.0
0.0
0.0
0.0
18.8
0.0
0.0
0.0
0.0
0.0
0.0
0.0
0.0
0.0
0.0
0.0
0.0
1.8
6.8
2.0
1.2
1.6
0.0
0.2
0.0
0.0
0.0
0.0
0.0
0.0
0.0
0.0
0.0
0.0
0.0
0.0
0.0
0.0
0.0
0.0
0.0
0.0
0.0
5.0
0.0
5.4
2.0
0.0
0.0
0.0
0.0
0.0
0.0
34.4
0.0
0.0
0.0
0.0
0.0
27.6
0.0
0.0
0.0
2.0
5.6
9.6
0.2
6.6
0.0
0.0
0.0
0.0
-9999.0
0.0
0.0
0.0
0.0
0.0
0.0
0.0
0.0
0.0
0.0
0.0
0.0
0.0
0.4
0.0
0.0
0.0
0.0
4.0
36.4
0.2
0.0
0.0
0.0
0.0
0.0
0.0
0.0
0.6
0.0
0.0
0.0
0.0
0.0
1.0
0.0
15.8
0.0
0.0
0.6
0.0
0.0
0.0
0.0
0.0
0.0
0.0
0.0
0.0
0.0
0.0
0.0
0.0
0.0
0.0
0.0
0.0
0.0
0.0
0.0
0.0
0.2
0.0
0.0
1.4
0.0
0.0
0.2
0.0
0.0
0.0
0.0
0.0
0.0
0.0
0.0
0.0
0.0
0.0
0.0
0.0
0.0
0.0
0.0
0.0
0.0
0.0
5.0
1.0
0.0
0.0
0.0
0.0
0.0
0.0
0.0
0.0
0.2
0.0
0.0
0.0
0.0
0.0
0.0
0.0
0.0
0.0
0.0
0.0
0.0
0.0
0.0
0.0
0.0
0.0
0.0
0.0
0.0
0.2
0.0
3.8
4.6
11.4
0.8
5.6
0.0
0.0
0.0
0.0
0.0
0.0
0.0
0.0
1.6
0.2
0.0
0.0
0.0
0.0
0.0
0.0
0.0
0.0
0.0
0.0
0.0
0.0
0.0
0.0
0.0
0.0
0.0
0.0
0.0
0.0
0.0
0.0
0.0
0.0
0.0
4.0
0.2
0.0
0.0
0.2
0.0
1.6
0.0
0.6
0.0
0.0
0.0
0.0
0.0
9.6
1.8
0.4
0.0
4.6
4.0
1.2
0.0
0.0
0.0
0.0
0.0
0.0
0.0
7.6
0.0
0.0
0.0
0.0
0.0
0.0
0.0
0.0
1.2
0.8
0.0
0.0
0.0
0.0
0.0
1.2
0.0
0.0
6.6
0.0
0.0
1.4
0.0
0.0
0.0
0.0
0.0
0.0
0.0
0.0
0.0
0.0
0.0
0.0
0.0
0.0
1.4
5.6
2.0
0.0
0.0
0.0
0.0
0.0
0.0
0.0
0.0
0.0
0.0
0.0
0.0
0.0
0.0
0.0
0.0
0.0
0.0
0.0
0.0
0.0
0.0
0.0
0.0
0.0
0.0
0.0
0.2
0.0
0.0
0.2
2.8
12.6
0.6
2.2
0.0
0.0
0.0
5.6
0.0
0.0
0.0
0.0
0.2
6.4
0.0
0.0
0.0
0.0
0.0
0.0
0.0
0.0
1.6
0.0
0.0
6.6
0.0
0.0
0.0
0.0
0.0
0.0
0.0
0.0
0.0
0.0
0.0
0.0
0.0
0.0
0.2
0.0
0.0
0.0
0.0
0.0
0.0
0.0
0.0
0.0
0.0
0.0
0.0
0.0
0.0
0.0
0.0
0.0
0.0
6.8
1.8
6.0
1.2
0.0
0.4
1.6
0.2
0.2
7.4
0.6
0.2
0.0
0.0
-9999.0
-9999.0
-9999.0
24.8
0.4
0.2
0.8
1.6
0.0
1.2
9.4
0.0
9.2
4.6
0.0
0.0
3.6
0.0
0.0
0.0
0.0
0.0
0.2
18.4
0.4
6.0
0.0
0.0
0.0
0.0
0.0
0.0
0.0
0.0
0.0
0.0
0.0
0.0
0.0
0.0
0.0
0.0
0.0
6.6
0.0
13.0
8.8
0.0
0.0
0.0
0.0
0.0
0.0
0.0
0.0
0.0
0.0
0.0
0.0
0.0
0.0
0.0
0.0
0.0
0.0
0.0
0.0
0.0
0.0
0.0
0.0
0.0
0.0
0.0
0.0
0.0
0.0
0.0
0.0
0.0
0.0
0.0
0.0
0.0
0.0
0.0
0.0
0.0
0.0
0.0
0.0
0.0
0.0
0.0
0.0
0.0
0.0
0.0
0.0
0.0
0.0
0.0
0.0
0.0
0.0
0.0
0.0
0.0
0.0
0.0
0.0
0.0
0.0
0.0
0.0
0.0
0.0
0.0
1.4
0.0
0.0
0.0
0.0
0.0
0.0
0.0
0.0
0.0
0.0
0.0
0.0
0.0
0.0
0.0
0.0
3.8
0.0
0.0
5.0
0.0
0.0
0.0
0.0
0.0
0.0
19.8
0.0
0.0
0.0
0.0
0.0
0.0
0.0
0.0
5.4
0.0
0.0
0.6
0.4
0.0
0.0
0.0
0.0
0.0
4.2
25.6
0.0
0.0
0.0
0.0
0.0
0.0
2.8
0.0
0.0
0.0
12.4
0.0
3.2
0.0
0.0
0.0
0.0
0.0
0.0
1.8
0.0
0.0
0.0
1.0
0.4
0.0
0.8
0.0
0.0
0.0
0.0
0.0
3.8
0.0
0.0
1.8
0.0
0.0
0.0
0.0
0.0
0.0
0.0
0.0
0.0
0.0
0.0
0.0
0.0
0.0
0.0
0.0
0.0
0.0
0.0
0.0
0.0
0.0
0.0
1.0
2.4
3.6
0.0
0.0
0.0
0.0
-9999.0
-9999.0
0.0
-9999.0
0.0
0.0
0.0
0.0
0.0
0.0
0.0
0.0
0.0
0.0
0.0
0.0
0.0
0.0
0.0
0.0
0.0
0.0
0.0
-9999.0
0.0
0.0
0.0
9.8
0.0
7.8
0.0
-9999.0
0.0
0.0
0.0
0.0
6.4
14.0
0.0
0.0
0.0
0.0
0.2
0.0
0.0
1.4
0.0
1.4
4.4
0.0
0.0
0.0
0.0
0.0
0.0
0.0
0.0
0.0
0.0
0.0
0.0
0.0
0.0
0.0
0.0
0.0
0.0
0.0
0.0
0.0
0.0
0.0
0.0
0.0
0.0
0.0
0.0
0.0
0.0
13.4
0.0
0.0
0.0
0.0
1.4
0.0
0.0
0.0
8.2
0.4
0.4
0.0
0.0
1.2
0.0
0.0
0.0
0.0
0.0
0.0
0.0
0.0
0.0
0.0
0.0
0.0
0.0
0.0
0.0
0.0
0.0
0.0
0.0
-9999.0
0.0
0.0
7.2
0.6
0.0
0.0
0.0
0.0
0.0
0.2
0.6
0.0
0.0
0.0
0.0
0.0
0.0
0.0
6.6
5.2
15.8
1.4
0.0
0.0
0.0
0.0
0.0
1.0
10.6
8.2
8.6
5.0
0.2
0.0
0.0
0.0
0.0
0.0
0.0
0.0
0.0
0.0
0.0
0.0
0.0
0.0
0.0
0.0
0.8
13.8
11.4
5.2
0.6
0.4
0.0
0.0
0.0
1.8
0.2
2.6
0.6
0.0
0.0
0.0
0.0
0.0
0.0
0.0
2.0
0.2
0.0
1.4
2.2
0.0
0.0
0.0
0.0
0.0
0.0
0.0
3.6
0.4
3.8
0.0
0.0
0.0
0.0
0.0
0.0
0.0
0.0
0.0
0.0
0.0
0.0
0.0
0.0
0.0
0.0
0.0
0.0
0.0
2.6
0.0
0.0
0.0
0.0
0.0
0.0
0.0
0.0
0.0
0.0
0.0
0.0
0.4
1.0
0.0
0.0
0.0
0.2
0.8
0.0
0.0
0.0
0.0
0.0
0.0
0.0
0.0
0.0
0.0
0.0
0.0
0.0
0.0
0.0
1.8
0.0
0.0
0.0
0.0
0.0
0.0
0.0
0.0
0.0
0.0
0.0
0.0
0.0
0.0
0.0
0.0
0.0
0.0
0.0
0.0
0.0
0.0
0.0
0.0
0.0
0.0
0.0
0.0
0.0
0.0
0.0
0.0
0.0
0.0
0.0
22.8
2.0
1.6
0.0
0.0
0.0
0.0
0.0
0.0
0.0
0.0
0.0
0.0
0.6
0.6
0.0
0.6
0.0
6.0
0.0
0.6
0.0
0.0
0.0
0.0
0.0
0.0
0.0
0.2
0.0
9.0
2.2
0.0
0.0
0.4
7.4
0.0
0.0
0.0
0.0
1.0
0.0
7.8
0.6
0.0
0.2
2.8
0.2
0.0
0.8
0.0
0.2
7.8
8.4
0.0
2.2
0.0
1.6
0.0
0.0
0.0
0.0
0.0
0.0
0.0
0.0
0.0
0.0
0.0
0.0
0.0
0.0
0.0
0.0
0.0
0.0
0.6
0.0
0.8
2.8
9.4
2.4
6.8
0.0
0.0
0.2
0.0
0.0
0.0
0.0
10.4
2.4
0.0
0.0
0.2
11.8
1.0
1.8
0.4
0.0
0.0
0.0
0.0
0.0
0.0
0.0
0.0
0.0
0.0
0.0
4.2
0.0
0.0
0.0
0.6
3.0
7.4
5.2
0.0
0.0
0.0
0.4
1.8
0.0
1.0
0.0
0.2
0.0
0.0
0.0
0.0
0.0
3.0
0.0
0.0
0.2
0.2
0.0
6.4
0.0
0.0
0.0
0.0
1.8
0.0
16.8
1.8
0.4
7.8
6.4
0.4
0.0
0.0
0.0
0.0
0.0
0.0
0.0
0.0
0.0
0.0
0.0
0.0
0.0
0.0
0.0
0.0
0.0
0.0
0.0
0.2
3.0
3.0
0.0
8.2
16.2
12.4
6.4
0.0
0.0
0.0
0.0
0.0
0.0
0.0
0.0
0.0
0.0
0.0
0.0
0.0
0.0
0.0
8.0
0.0
0.0
0.0
0.0
0.0
0.0
2.2
1.0
0.4
0.0
0.0
0.0
0.0
0.0
0.0
1.4
0.8
0.0
0.0
0.0
0.0
0.0
0.0
0.0
4.2
0.0
0.6
31.4
2.4
0.0
0.0
0.0
0.0
0.0
0.0
7.0
0.0
0.0
0.0
0.0
0.0
0.0
0.0
0.0
0.0
0.0
0.0
0.0
3.6
0.0
0.0
0.0
3.6
0.0
0.0
0.0
0.0
0.0
0.0
0.0
0.0
0.0
0.0
0.0
0.0
0.0
0.0
0.0
0.0
9.0
0.0
0.0
0.0
0.0
0.0
0.0
0.0
0.0
0.0
0.0
0.0
0.0
4.6
0.8
0.0
13.8
0.0
0.0
0.0
0.0
0.0
3.4
0.0
0.0
0.0
0.0
0.0
0.0
0.0
0.0
0.0
0.0
0.0
0.0
0.0
0.0
0.0
0.0
0.0
0.0
0.0
0.0
0.0
0.0
0.0
0.0
0.0
0.0
0.0
0.0
0.0
0.0
0.0
0.0
0.0
0.0
0.2
0.0
0.0
0.0
0.0
0.0
0.0
0.0
0.0
0.0
0.0
0.0
0.0
0.0
0.0
9.2
2.6
0.0
0.4
0.2
0.0
0.0
0.0
0.0
0.0
0.0
0.0
0.0
0.0
0.0
0.0
0.0
0.0
0.0
0.0
0.0
0.0
0.0
0.0
0.0
0.0
0.0
0.0
0.0
0.0
0.0
0.0
0.0
0.6
17.8
8.2
2.4
2.6
0.0
0.0
0.0
0.0
0.0
0.0
0.0
0.0
0.0
0.8
6.6
1.8
0.8
1.2
0.0
0.0
0.0
0.0
0.0
0.0
0.0
0.0
0.0
0.0
0.0
0.0
0.0
0.0
0.0
0.0
0.0
0.0
0.0
11.8
0.4
4.6
0.0
0.0
0.0
0.0
0.0
0.0
0.0
0.0
0.0
0.0
0.0
0.0
0.0
0.0
0.0
0.0
0.0
0.0
0.0
0.0
0.0
0.0
0.0
0.0
0.0
0.0
0.0
0.0
0.0
0.0
0.0
0.0
0.0
0.2
0.0
-9999.0
-9999.0
20.8
1.2
0.0
0.2
0.0
0.0
0.0
0.0
0.0
0.0
0.0
0.0
0.0
0.0
0.8
0.0
0.0
3.8
0.0
40.4
3.4
1.4
13.8
10.0
26.8
13.2
11.2
13.0
0.0
3.8
0.2
12.0
13.4
0.0
0.0
0.0
12.2
0.6
4.0
9.0
0.0
0.0
6.0
0.8
10.4
14.8
2.0
0.0
0.0
0.0
0.0
0.0
0.0
0.0
0.0
2.6
0.0
0.2
10.0
6.0
11.0
9.2
0.0
0.0
0.0
0.0
3.4
8.4
0.0
0.0
1.8
25.0
0.8
3.0
1.4
0.0
5.0
7.4
13.6
2.4
3.6
11.4
0.4
2.4
1.8
19.4
9.6
0.0
8.2
0.0
4.4
1.6
0.0
1.6
4.6
0.0
2.2
4.2
5.2
7.6
5.8
0.0
1.8
1.8
0.0
1.2
0.0
0.0
0.0
0.0
0.0
16.0
12.8
0.0
0.0
0.0
0.0
0.0
0.0
0.0
0.4
0.0
0.0
0.0
0.0
0.0
0.0
0.0
0.0
0.0
0.0
0.0
0.0
0.0
0.0
0.0
0.6
5.2
2.6
5.0
0.4
0.0
0.0
2.6
0.4
0.0
0.0
0.0
0.0
0.0
0.0
0.0
0.0
0.0
0.0
0.2
0.0
0.0
0.0
0.0
0.0
0.0
0.4
0.0
0.0
0.0
0.0
0.0
0.0
0.0
0.0
0.0
0.0
0.0
0.0
0.0
0.0
0.0
0.0
0.4
4.2
0.0
0.0
0.0
0.0
0.0
0.0
0.0
0.0
0.0
0.0
0.0
2.2
0.0
0.0
0.8
14.8
8.2
0.0
0.8
0.0
0.0
0.0
0.0
0.0
0.0
0.0
0.2
0.0
0.0
0.2
0.0
0.0
0.0
0.0
0.2
1.8
0.0
0.0
0.0
0.0
0.0
0.0
0.0
0.0
0.0
0.0
0.0
0.0
0.0
0.0
0.0
0.0
0.0
0.0
0.0
0.0
0.0
0.0
0.0
0.0
0.0
0.0
0.0
0.0
0.0
0.0
0.0
0.0
0.0
0.0
0.0
0.0
0.0
1.4
1.0
0.0
0.0
0.0
0.0
5.8
6.0
2.4
0.0
0.0
0.0
0.0
0.0
0.0
0.0
0.0
0.0
0.0
0.0
0.0
0.0
0.0
0.0
0.0
0.0
0.0
0.0
0.0
0.0
0.0
0.0
0.0
0.0
0.0
0.0
0.0
4.2
3.4
0.0
0.0
2.8
0.0
0.0
1.2
0.0
0.0
0.0
0.0
0.0
0.0
0.0
0.0
0.0
0.2
0.2
0.0
0.0
0.2
0.0
7.6
0.0
0.0
2.6
1.4
0.0
0.0
0.0
0.0
0.0
0.0
0.0
0.0
0.0
0.0
0.0
0.0
0.0
0.0
0.0
0.0
11.8
4.0
0.0
0.0
0.0
0.0
0.0
0.0
0.0
0.4
10.2
0.0
0.0
0.0
0.2
0.8
0.0
0.0
3.4
0.0
0.0
0.0
0.6
0.0
0.2
0.2
0.0
6.6
9.4
0.8
8.0
3.4
3.4
1.4
0.0
0.0
11.0
0.8
5.2
0.2
0.0
0.0
0.0
0.0
0.0
0.2
0.0
0.0
1.4
23.4
1.8
4.8
13.8
3.8
5.2
0.0
0.6
0.0
0.0
0.0
0.0
6.6
4.6
0.2
0.0
0.0
0.0
0.0
0.0
0.0
0.6
1.8
0.0
0.0
0.0
0.0
0.0
0.0
0.0
0.0
0.0
0.0
0.0
0.0
0.0
1.0
0.0
0.0
3.4
2.8
0.6
0.0
0.0
2.0
1.0
0.0
0.0
0.0
0.0
0.0
0.0
0.0
0.0
0.0
0.0
0.0
3.8
0.2
8.8
8.0
1.2
0.0
5.4
0.0
0.0
0.0
0.0
0.0
0.0
0.0
0.0
0.0
0.0
0.0
0.0
0.6
1.4
0.0
0.0
16.8
16.2
0.2
2.0
0.6
0.0
2.4
0.0
0.0
0.0
0.0
0.0
0.0
0.0
0.0
4.4
0.2
0.0
0.0
0.0
0.0
0.0
0.0
0.0
0.0
0.2
1.2
0.0
0.0
0.0
0.0
0.0
0.0
0.0
0.0
0.0
0.0
0.0
0.0
0.0
0.0
3.4
1.2
0.2
2.4
1.2
3.2
2.2
0.0
0.0
0.6
5.8
19.8
1.2
16.8
23.0
0.2
6.0
0.0
0.0
6.8
0.0
0.0
0.0
0.8
0.2
0.0
0.0
0.6
0.0
0.2
3.4
0.8
3.8
0.0
0.0
0.0
0.0
0.0
0.8
0.0
0.2
0.0
0.0
0.0
0.8
0.6
0.0
0.0
0.0
14.8
2.8
0.0
0.2
0.0
0.0
0.0
0.0
0.0
0.0
0.0
0.0
0.0
0.0
0.0
0.0
0.0
0.0
0.0
0.0
0.0
0.0
0.0
0.0
0.0
0.2
0.0
0.0
0.0
0.0
0.0
0.0
0.0
0.0
0.0
0.0
0.0
0.0
0.0
0.0
0.0
0.0
0.0
0.0
0.0
0.0
0.0
0.0
0.0
0.0
0.0
0.0
0.0
0.0
0.0
0.0
0.0
0.0
0.0
0.0
0.0
0.0
0.0
0.0
0.0
0.0
0.0
0.0
0.0
0.0
0.0
0.0
0.0
0.0
0.0
0.0
0.0
0.0
0.0
0.0
0.0
0.0
0.0
0.0
0.0
0.0
0.0
0.0
0.0
0.0
0.0
0.0
0.0
0.0
0.0
0.0
0.0
0.0
0.0
0.0
0.0
0.0
0.0
0.0
0.0
0.0
0.0
0.0
0.0
1.2
0.0
0.0
0.0
0.0
0.0
0.0
0.0
0.0
0.0
0.0
0.0
0.0
0.0
0.0
0.0
0.0
0.0
0.0
0.0
0.0
0.0
0.0
0.0
0.0
0.0
0.0
0.0
0.0
2.8
0.6
2.0
0.0
2.8
5.0
3.2
0.0
0.0
0.0
0.0
2.6
6.0
8.8
0.6
0.0
0.0
0.2
0.0
0.2
0.0
0.0
0.0
1.6
0.0
0.0
0.0
0.2
20.0
2.8
0.2
1.0
0.2
0.4
0.0
0.0
0.0
0.0
0.0
0.0
0.0
2.4
0.4
0.0
0.0
0.0
0.0
0.0
0.0
0.4
0.4
0.0
0.0
0.0
0.0
0.0
0.0
0.0
0.0
0.0
0.0
0.0
0.0
0.0
0.0
0.0
0.0
0.0
0.0
0.0
0.0
0.0
0.0
0.0
0.0
0.0
0.0
0.0
0.0
0.0
0.0
0.0
0.0
0.0
0.0
1.8
0.8
21.8
0.2
0.0
0.0
0.0
0.0
0.0
0.0
0.0
0.0
0.2
0.0
0.0
0.0
0.0
0.0
1.0
0.2
0.0
1.6
0.4
0.2
0.0
0.0
0.0
0.0
0.0
0.0
0.0
0.0
0.0
2.4
0.0
0.0
0.0
0.0
0.0
0.0
0.0
0.0
0.0
0.0
0.0
0.0
1.8
0.2
0.0
0.0
0.0
0.0
0.0
0.0
0.0
0.0
0.0
0.0
0.0
0.0
0.0
0.0
0.0
0.0
4.2
7.8
0.2
0.0
0.0
0.0
0.0
0.0
0.0
0.0
0.0
0.0
1.4
0.0
0.0
1.0
1.6
1.2
0.0
0.0
0.0
0.0
0.0
0.0
0.4
1.4
13.0
10.4
2.4
0.0
0.0
0.0
0.0
0.0
0.0
0.0
0.0
0.0
0.0
2.8
1.8
3.8
0.0
0.0
0.0
0.0
0.0
9.0
0.0
0.0
0.0
0.0
0.0
0.0
0.0
0.0
0.0
0.0
0.0
0.0
0.0
0.0
7.8
0.0
0.0
0.0
0.0
0.0
0.0
0.0
0.0
0.0
0.0
0.0
0.0
0.0
0.0
0.0
0.0
0.0
0.0
0.0
0.0
0.0
0.0
0.0
0.0
0.0
0.0
0.0
0.0
1.0
1.0
0.0
0.0
0.0
0.0
0.0
0.0
0.0
0.0
0.0
0.0
0.0
0.0
0.0
0.0
0.0
0.0
0.0
0.0
0.0
0.0
0.0
0.0
0.0
0.0
0.0
0.0
0.0
0.0
0.0
0.0
0.0
0.0
0.0
0.0
0.0
0.2
0.0
0.0
0.0
0.0
0.0
0.0
0.0
0.0
0.0
0.0
0.0
0.0
0.0
0.0
10.6
0.0
0.0
0.0
0.0
0.0
0.0
0.0
0.0
0.0
0.0
0.0
0.8
0.0
0.0
0.0
0.0
0.0
0.0
0.0
0.0
0.0
0.0
0.0
0.0
0.0
0.0
0.0
0.0
0.0
0.0
0.0
0.0
0.0
0.0
0.0
0.0
0.0
0.0
0.0
0.0
0.0
0.0
0.0
0.0
0.0
0.0
0.0
1.0
4.8
23.4
5.0
0.0
0.0
0.0
0.0
0.0
0.0
0.0
0.0
0.0
0.0
0.0
0.0
0.0
0.0
1.2
0.0
0.0
0.0
7.2
2.2
9.8
0.0
0.0
0.0
2.8
15.6
0.0
2.6
0.0
0.0
13.6
0.2
0.0
1.0
6.2
8.8
10.2
5.4
1.6
4.4
3.8
5.4
15.6
1.2
0.4
0.0
0.0
0.0
14.4
0.2
0.0
0.0
0.0
0.0
0.0
0.0
0.0
4.2
0.0
0.6
0.0
0.2
0.0
0.0
0.0
0.0
0.0
1.2
0.6
0.0
0.0
0.0
0.0
0.0
0.0
0.0
0.4
0.0
0.0
0.0
0.0
0.0
0.0
0.0
0.0
0.0
1.0
0.0
0.0
0.0
0.0
0.0
3.0
0.2
0.2
0.0
0.0
0.0
0.0
0.0
0.0
0.0
0.0
0.0
0.0
3.2
0.0
0.0
1.2
0.0
0.2
27.6
2.2
0.0
5.4
2.0
0.0
5.4
0.0
0.0
0.0
0.0
0.0
0.0
0.0
0.0
0.0
0.0
0.0
0.0
0.0
0.0
0.6
3.4
0.2
0.4
0.0
0.0
0.0
0.0
0.0
1.6
0.4
1.0
9.0
20.0
2.8
0.2
0.0
0.0
0.0
6.8
0.4
0.0
0.0
5.0
4.6
2.0
9.2
2.8
0.6
6.8
0.4
8.2
0.0
0.0
0.0
14.2
10.8
0.0
13.8
0.0
0.0
0.0
2.0
1.4
0.0
0.0
0.2
0.0
3.0
0.0
18.8
2.0
0.0
0.8
0.0
7.2
0.0
0.0
0.0
0.0
0.0
0.0
0.0
0.0
0.0
0.0
0.0
0.0
0.0
0.0
0.0
0.0
0.2
0.0
0.0
2.4
0.0
0.0
0.2
0.2
5.8
0.0
0.0
10.4
0.0
0.0
0.0
0.0
0.0
0.0
0.0
0.0
0.0
0.0
1.6
0.4
0.8
1.6
1.4
0.0
7.6
4.2
0.0
0.0
0.0
0.0
0.0
0.0
0.0
0.0
0.4
0.0
0.0
0.0
0.0
0.0
2.2
0.0
0.0
0.2
0.0
0.0
0.0
0.0
0.0
0.0
0.0
0.0
0.0
0.0
0.0
0.0
0.0
0.0
0.0
0.0
0.0
0.0
0.0
0.0
0.0
0.0
0.0
24.0
0.0
0.0
0.0
0.0
0.0
0.0
0.0
0.0
0.0
0.2
0.0
0.0
0.0
0.0
0.0
0.0
0.0
0.0
0.0
0.0
0.0
0.0
0.0
0.0
0.0
0.0
0.0
0.0
0.0
0.4
0.0
0.0
0.0
0.0
0.0
0.0
0.0
0.0
0.0
0.0
0.0
0.0
0.0
0.0
2.6
0.0
0.0
0.0
0.0
0.0
1.0
0.0
0.0
0.0
0.0
0.0
0.6
15.4
0.2
0.0
0.0
0.0
0.0
0.0
0.0
1.2
6.0
4.8
9.8
0.0
0.0
0.0
0.0
0.0
0.0
0.0
0.0
6.8
0.0
0.0
0.0
0.0
0.0
0.0
0.0
0.0
2.6
0.0
0.0
0.0
0.0
0.0
0.0
0.0
0.0
0.0
0.0
0.0
0.0
0.0
0.0
0.0
0.0
0.0
0.0
0.0
0.0
0.0
0.0
0.0
0.0
0.8
0.0
0.0
0.0
0.2
0.0
0.0
0.0
0.0
0.0
0.0
0.0
0.0
0.0
0.0
0.0
0.0
0.0
0.0
0.0
0.0
0.0
17.8
0.0
0.0
0.0
0.0
2.0
0.0
0.0
0.0
3.2
0.0
0.0
0.0
0.0
0.0
0.0
0.2
0.0
0.0
0.0
0.0
0.0
0.0
0.0
0.0
0.0
0.0
0.0
0.0
0.0
0.0
0.0
0.0
0.0
0.0
0.0
20.4
0.2
0.0
0.0
0.0
8.4
48.6
0.0
0.0
0.0
0.0
0.0
0.0
0.0
0.2
0.2
1.6
0.0
0.0
0.0
0.0
0.0
0.0
0.0
0.0
2.2
0.0
0.0
0.2
10.2
3.4
5.6
0.0
5.2
1.4
6.4
0.0
0.0
0.0
0.0
0.0
0.2
0.2
1.2
0.0
0.0
0.0
0.2
0.0
7.6
0.4
2.8
13.8
0.2
0.2
0.0
0.0
0.0
0.6
0.4
0.2
9.4
0.0
0.0
0.0
0.0
0.0
1.6
0.0
0.0
0.2
0.0
3.4
0.0
0.0
0.0
0.0
0.0
0.0
0.0
0.0
0.0
0.0
0.0
0.0
0.0
0.0
0.0
0.0
0.0
0.0
0.0
0.0
0.0
0.0
0.0
0.0
0.0
0.0
0.0
5.8
0.0
0.0
0.0
5.0
5.2
0.0
0.0
0.0
0.0
0.0
0.0
0.0
0.0
0.0
0.0
0.0
0.4
0.0
0.0
0.0
0.0
4.6
0.8
0.0
0.0
2.0
0.0
0.0
0.0
0.0
0.0
0.0
0.0
0.0
0.0
0.0
0.0
0.0
0.0
0.0
0.0
0.0
0.0
0.0
0.0
0.0
0.0
0.0
0.0
0.0
0.0
0.0
0.0
0.0
0.0
0.2
0.0
0.0
0.0
0.0
0.0
0.0
16.6
10.2
0.0
0.0
0.0
0.0
0.0
0.0
0.0
0.0
0.2
0.0
0.0
0.2
0.2
0.0
12.2
0.0
0.0
0.0
0.0
0.0
3.4
0.6
0.8
0.0
0.0
0.0
0.0
0.0
0.0
0.0
0.0
0.0
0.0
0.0
0.0
0.0
0.0
0.0
0.0
0.0
0.0
0.0
0.0
0.0
0.0
0.0
0.0
0.0
0.0
0.0
0.0
0.0
0.0
0.0
0.0
0.0
0.0
0.0
0.0
0.0
0.0
0.0
0.0
0.0
0.0
0.0
0.0
0.0
0.0
0.0
0.0
0.0
0.0
0.0
0.0
0.0
0.0
0.0
0.0
0.0
0.0
0.0
0.0
0.0
0.0
0.0
0.0
0.0
0.0
0.0
0.0
0.0
0.0
0.0
0.0
0.0
0.0
0.0
0.0
0.0
0.0
0.0
0.0
0.0
0.0
0.0
0.0
0.0
0.0
0.0
0.0
2.6
0.0
0.0
0.0
4.2
3.6
3.6
0.0
0.4
0.0
0.0
1.0
0.0
0.0
0.0
0.0
0.0
0.0
0.0
0.8
1.2
0.2
10.8
0.8
0.0
0.0
0.0
0.0
0.0
0.0
0.0
0.0
0.0
0.0
0.0
0.0
0.0
0.0
0.0
0.0
0.0
0.0
0.0
2.2
12.8
0.0
0.0
0.0
2.4
0.0
0.2
9.4
0.0
0.0
4.0
0.0
0.0
0.0
0.0
0.0
0.0
0.0
10.2
0.0
-9999.0
-9999.0
-9999.0
-9999.0
-9999.0
-9999.0
0.2
3.6
0.0
1.6
0.2
0.0
0.0
0.0
0.0
0.0
0.0
0.0
0.0
-9999.0
-9999.0
-9999.0
0.0
0.0
0.0
0.0
0.0
0.0
0.0
0.0
0.0
0.0
0.0
0.0
1.0
0.0
0.0
0.0
0.0
0.0
0.0
0.0
0.0
0.0
0.0
-9999.0
0.0
0.0
0.0
0.0
0.0
0.0
1.8
0.0
0.0
8.0
5.8
0.0
0.0
3.4
1.0
0.0
0.0
0.0
0.0
0.0
0.2
1.6
7.0
0.0
0.4
1.4
0.2
0.0
0.0
0.0
1.8
0.0
0.0
0.0
0.6
0.0
0.4
0.2
0.0
0.0
2.6
0.2
0.0
0.0
0.0
0.0
0.0
0.0
0.0
0.0
0.0
0.0
0.0
0.0
-9999.0
-9999.0
0.0
0.0
0.0
0.0
0.0
0.0
0.0
0.0
0.0
0.0
0.0
0.8
0.4
0.6
6.6
1.6
0.4
7.0
5.8
1.0
0.0
0.0
0.0
0.0
0.0
0.0
0.0
0.0
0.0
0.0
2.8
0.0
0.0
6.0
2.0
1.8
0.4
0.2
0.0
8.2
2.6
0.0
0.0
0.0
0.0
0.0
0.8
0.0
0.0
0.0
0.2
7.2
0.0
0.0
0.0
0.0
0.0
0.0
0.0
0.0
0.0
0.0
0.0
0.0
0.0
0.0
0.0
0.0
0.0
0.0
0.0
0.0
0.0
0.4
0.0
8.8
0.0
0.0
0.4
0.0
0.0
0.0
0.0
0.0
6.2
7.0
3.2
0.8
0.0
0.0
0.0
0.0
0.0
0.0
0.0
0.0
0.0
0.0
0.0
0.0
0.0
4.2
0.0
0.0
0.0
0.0
0.0
0.0
0.2
0.0
21.8
0.0
0.0
0.0
0.0
0.0
0.0
0.0
0.0
0.0
0.0
0.0
0.0
0.0
0.0
0.0
-9999.0
-9999.0
-9999.0
-9999.0
-9999.0
-9999.0
0.0
0.0
0.0
0.0
0.0
0.0
0.0
0.0
0.0
0.0
0.0
0.0
0.0
0.0
0.0
0.0
0.0
0.0
0.0
0.0
0.0
3.4
28.0
0.0
0.0
0.8
0.0
0.0
0.0
0.0
0.0
0.0
-9999.0
-9999.0
-9999.0
-9999.0
0.0
0.0
0.0
0.0
0.0
0.0
0.0
0.0
2.2