6 9 2000
601 
0.0
0.0
0.0
0.0
0.0
0.0
0.0
0.0
0.0
0.0
0.0
0.0
7.2
0.0
0.0
0.0
0.0
0.0
0.0
0.2
4.8
4.4
1.0
2.0
6.6
0.0
0.0
0.0
0.0
0.0
0.0
0.0
0.0
0.0
0.0
28.8
4.6
1.8
0.0
0.0
0.0
0.0
0.0
0.0
4.4
12.0
5.2
23.4
4.6
1.0
0.0
0.0
0.0
0.0
0.0
0.0
0.0
1.8
0.0
0.0
0.2
1.2
0.0
0.0
0.0
0.0
0.0
0.0
7.8
0.0
0.0
0.0
0.0
0.0
0.0
0.0
0.0
2.6
1.6
0.0
0.0
0.0
0.0
0.0
4.2
0.2
0.0
0.4
0.0
0.0
0.0
4.0
42.0
0.4
0.0
0.0
0.0
0.0
0.0
0.0
0.0
0.0
0.0
0.0
0.0
0.0
1.2
17.4
40.6
33.8
78.4
6.4
0.4
6.6
0.0
3.2
0.0
6.8
0.0
0.0
0.0
1.2
2.8
0.0
0.0
7.8
1.4
21.6
0.8
0.0
0.2
0.2
0.8
0.0
9.4
0.0
0.0
0.0
0.0
0.0
2.2
0.0
0.0
0.2
0.0
0.0
0.0
0.0
0.0
0.0
0.0
0.2
0.0
0.0
3.8
0.2
0.0
0.0
0.0
0.0
0.0
0.0
2.6
0.2
0.0
0.4
0.0
0.0
0.0
0.0
0.2
0.2
0.0
0.0
1.2
1.4
9.8
31.6
6.8
2.6
0.2
0.0
-9999.0
-9999.0
-9999.0
-9999.0
-9999.0
-9999.0
0.0
0.0
0.0
0.0
0.0
0.0
0.0
0.0
0.0
0.0
0.0
0.0
0.0
6.6
0.0
0.0
0.0
0.0
0.0
0.0
0.0
0.0
0.0
0.0
0.0
0.0
0.0
0.0
0.0
0.0
0.0
0.0
0.0
0.0
0.0
0.0
0.0
0.0
1.0
0.0
0.0
0.0
0.0
0.0
0.0
0.0
0.0
0.0
1.0
0.2
0.2
5.6
1.6
0.0
0.6
0.0
0.2
0.0
0.0
0.0
0.0
0.0
0.0
0.0
0.0
1.6
4.2
26.6
0.0
0.0
0.0
0.2
0.0
0.0
0.0
0.0
0.0
0.0
0.0
0.0
0.0
0.0
0.0
0.0
0.0
0.0
0.0
0.0
0.0
0.0
2.4
0.0
0.0
0.0
0.0
0.0
0.0
0.0
0.0
0.0
0.0
0.0
0.0
0.0
0.0
0.0
0.0
0.0
0.0
0.0
0.0
0.0
0.0
0.0
0.0
0.0
0.0
0.0
0.0
0.0
0.0
0.0
0.0
0.0
0.0
0.0
0.0
0.0
0.0
0.0
0.0
0.0
0.0
0.0
0.0
0.0
0.0
0.0
1.0
0.2
0.0
0.0
0.0
0.0
0.0
0.0
0.0
0.0
0.0
0.0
0.0
0.2
0.0
0.0
0.0
0.0
0.0
0.0
0.0
0.0
0.0
0.0
0.0
0.0
0.0
0.2
0.0
0.0
0.0
0.0
0.0
0.0
0.0
0.0
0.0
0.0
0.0
0.0
4.0
0.0
0.0
0.0
0.0
0.0
0.0
0.0
0.0
0.0
0.0
0.0
12.0
1.8
1.0
35.0
0.0
0.0
0.0
0.0
1.8
2.8
0.2
0.0
0.0
0.0
1.0
0.0
0.0
0.0
0.0
0.0
0.0
7.0
26.6
25.0
0.0
0.0
0.0
0.4
0.0
0.2
11.8
10.2
0.0
0.0
0.0
0.0
0.2
0.0
1.0
0.0
0.0
0.0
0.0
0.0
0.0
0.0
1.8
13.8
0.2
0.0
0.2
44.8
4.2
1.2
0.0
0.0
0.2
0.4
0.0
0.0
0.0
0.2
0.0
6.4
0.6
0.2
0.0
0.0
0.0
0.0
0.2
0.0
0.0
0.0
0.0
0.0
0.2
0.0
0.0
0.0
0.0
0.0
0.2
4.8
1.4
1.0
4.2
5.6
0.0
7.4
0.0
0.0
0.0
0.0
4.6
21.2
5.4
0.2
0.0
0.0
0.0
0.0
0.0
1.0
0.4
0.0
7.4
0.0
0.0
0.0
0.0
0.0
0.0
0.0
0.0
0.2
0.0
0.0
0.0
0.0
0.0
0.2
0.0
0.0
0.0
0.0
9.6
0.0
0.0
0.0
0.0
0.0
0.0
0.0
0.0
0.0
0.0
0.0
0.2
0.0
0.0
0.0
0.0
0.0
0.0
0.0
0.0
0.0
0.0
0.0
0.4
0.0
0.8
0.0
0.0
0.0
0.0
0.0
0.0
0.0
0.0
0.0
0.0
1.6
0.4
44.8
12.6
0.2
0.0
5.2
0.0
0.0
0.0
0.0
0.0
11.6
15.6
1.4
9.4
0.0
0.2
0.0
0.0
0.0
0.0
0.0
0.0
0.0
0.0
0.0
0.0
2.0
0.2
0.0
16.6
1.4
1.4
0.0
4.2
14.0
9.0
0.0
0.2
0.0
28.2
0.0
4.8
14.2
0.0
0.0
0.0
0.0
7.2
0.0
0.0
0.0
0.0
0.0
0.0
0.0
0.0
0.0
0.0
0.0
0.2
0.0
0.0
0.0
0.8
10.2
1.8
0.8
0.0
0.6
0.0
0.0
0.0
0.0
0.0
0.0
0.0
0.0
0.0
0.0
0.0
0.0
0.0
0.0
0.0
0.0
0.0
0.0
0.0
0.0
0.0
0.0
0.0
0.0
0.0
0.0
0.0
0.0
0.0
0.0
0.0
0.0
0.0
0.0
0.0
0.0
0.0
0.0
0.0
0.0
0.0
0.0
0.0
0.0
0.0
0.0
0.2
0.0
0.0
0.0
12.4
0.2
0.0
0.0
0.0
0.0
0.0
0.0
0.0
0.0
0.0
0.0
0.0
0.0
0.2
0.0
0.0
0.0
0.0
0.0
0.0
0.0
0.0
0.0
0.0
0.0
0.0
0.0
0.0
0.0
0.0
0.0
0.0
0.0
0.0
0.0
0.0
0.0
0.0
0.0
0.0
0.0
0.0
0.0
0.0
0.0
0.0
0.0
0.0
0.0
0.0
0.0
0.0
0.0
1.6
0.0
0.0
0.0
0.0
0.0
0.0
0.0
0.0
0.0
0.0
0.0
0.0
0.0
0.0
0.0
0.0
0.0
0.0
0.2
0.0
0.0
0.0
0.6
19.4
0.0
0.0
0.0
0.0
0.2
0.0
0.0
0.0
0.0
1.0
0.2
0.4
0.4
0.6
11.6
0.2
0.0
0.0
0.0
0.0
0.0
0.8
0.2
0.0
0.0
0.0
0.0
0.0
0.0
0.0
0.2
0.0
0.0
0.6
1.8
0.0
0.0
0.0
0.0
0.0
0.0
0.0
0.0
0.0
0.0
0.0
0.0
0.0
0.0
0.0
0.0
0.0
0.0
0.0
0.0
0.0
0.0
0.0
56.4
0.8
1.0
0.0
0.0
12.0
6.4
0.4
3.8
32.0
10.8
0.0
0.0
0.8
0.0
0.0
0.2
0.0
0.0
0.0
0.0
0.0
0.0
0.0
0.0
7.2
2.2
0.4
0.0
5.0
0.4
0.0
0.0
2.0
9.8
6.6
0.0
0.0
0.0
0.0
0.0
0.2
3.2
19.2
0.0
0.0
0.0
0.0
0.0
0.0
0.0
0.0
5.2
0.0
5.8
0.0
1.4
1.4
0.0
0.0
0.0
0.0
0.0
0.2
0.0
0.0
0.0
31.0
0.0
2.6
0.0
0.0
0.0
0.0
0.0
0.0
0.2
0.0
0.0
0.0
0.0
0.0
0.0
0.0
0.0
2.8
1.0
0.2
0.0
0.0
10.0
0.2
5.6
1.8
8.6
0.2
1.8
11.2
0.0
1.2
0.0
0.0
3.6
38.6
14.8
0.0
0.0
0.0
0.0
0.0
0.0
0.0
0.0
0.0
0.0
0.0
0.0
0.0
0.0
0.0
0.0
0.0
0.0
11.8
1.0
5.6
0.4
2.2
0.0
0.0
0.0
1.2
6.2
26.0
4.4
8.8
0.0
0.0
0.0
0.0
0.8
0.0
0.0
0.0
0.0
0.2
0.0
0.0
0.0
0.0
7.2
0.6
0.2
0.0
0.0
7.2
3.0
5.2
8.8
18.8
0.0
0.0
0.0
0.0
0.0
0.0
0.0
0.0
0.0
0.0
0.0
0.0
0.0
1.2
2.0
2.2
0.0
0.0
0.0
0.0
0.0
0.0
0.0
0.0
0.0
0.0
0.0
0.0
0.0
0.0
0.0
0.0
0.0
0.0
0.0
0.0
0.0
0.0
0.0
0.0
0.0
0.0
0.4
0.0
0.0
0.0
0.0
0.0
0.0
0.0
0.0
0.0
0.0
0.0
0.0
0.0
0.0
0.0
0.0
0.0
0.0
0.0
0.0
0.0
0.0
0.0
0.0
0.0
0.0
0.0
0.0
0.0
0.0
0.0
0.0
0.0
0.0
0.0
0.0
0.0
0.0
0.0
0.0
0.0
0.0
0.0
0.0
0.0
0.0
0.0
0.0
0.0
0.0
0.0
0.0
0.0
0.0
0.0
0.0
0.0
0.0
0.0
0.0
0.0
0.0
0.0
0.0
0.0
0.0
0.0
0.0
0.0
0.0
0.0
0.0
0.0
0.0
0.0
0.0
0.8
0.2
0.0
0.0
0.0
0.0
0.0
0.0
0.0
0.0
0.0
0.0
0.0
0.0
0.0
3.0
0.0
0.0
0.0
0.0
0.0
0.0
0.0
0.0
0.0
0.0
0.4
0.0
0.0
0.0
0.0
0.2
0.0
0.0
0.0
0.8
0.0
0.0
0.0
0.0
0.0
0.0
0.0
0.2
0.0
3.8
0.4
21.4
0.0
0.2
0.0
0.0
0.8
0.0
21.6
2.8
0.0
0.6
0.8
5.4
5.8
0.0
1.4
0.0
0.0
3.0
22.4
6.4
22.8
7.0
5.2
0.2
21.0
0.0
0.0
0.0
0.0
0.0
0.2
0.0
0.0
0.2
1.6
0.0
0.0
0.0
0.0
21.6
1.6
0.8
13.2
5.8
0.2
0.0
10.8
16.2
0.0
0.2
1.2
0.0
0.0
0.0
7.8
0.0
1.6
7.2
15.0
3.0
15.6
0.0
8.2
23.8
0.0
0.0
0.0
0.0
0.0
0.0
0.0
1.0
3.8
0.0
0.0
0.0
0.0
0.0
0.0
0.0
0.0
0.0
0.0
0.0
0.0
0.2
0.2
0.0
0.0
0.0
0.0
0.0
0.0
0.0
0.0
0.0
0.0
0.0
0.0
0.0
0.0
0.2
0.0
0.0
0.0
0.0
0.0
0.0
0.0
0.0
0.0
0.0
1.0
0.0
0.0
0.0
0.0
0.0
0.0
0.0
0.0
0.0
0.0
0.0
0.0
0.0
0.0
0.0
0.0
0.0
0.0
0.0
0.2
0.0
0.0
0.0
10.8
11.4
15.0
0.4
29.6
12.0
0.0
0.2
0.0
0.0
0.0
0.0
0.0
0.0
0.0
0.0
0.0
0.0
0.2
0.0
0.0
0.0
0.2
1.6
5.0
0.4
0.0
0.2
0.0
0.0
0.0
0.2
0.0
0.0
7.8
11.2
16.2
33.0
2.2
0.0
0.0
3.0
0.0
0.0
0.0
0.0
0.0
0.0
3.6
34.6
4.6
3.0
0.0
0.0
1.0
27.4
0.0
0.0
0.0
0.0
0.0
0.0
0.0
0.0
0.0
0.0
0.0
1.0
16.8
0.0
0.0
0.0
55.0
0.0
0.0
0.0
0.0
0.0
0.0
0.0
1.0
0.8
2.0
0.2
12.8
0.0
0.0
0.0
0.0
0.0
2.0
1.0
0.0
1.8
11.6
0.0
9.8
4.4
3.0
0.0
0.0
0.0
0.0
0.0
0.0
0.0
0.0
0.0
0.0
0.0
0.0
0.0
0.0
0.0
2.0
0.0
0.0
0.0
0.0
0.0
0.0
0.0
0.0
0.0
0.0
0.0
0.0
0.0
0.0
0.0
0.4
0.0
0.0
0.0
0.0
0.0
0.0
0.4
0.0
0.0
0.0
0.0
0.0
0.0
0.0
0.0
0.0
0.0
0.0
0.0
0.0
0.0
0.0
0.0
0.0
0.0
10.6
0.0
0.0
0.0
0.0
0.0
0.0
0.0
0.0
0.0
0.0
0.0
0.0
0.0
0.0
0.0
0.0
0.0
0.0
0.0
0.0
0.0
0.0
0.0
0.0
0.0
0.0
0.0
0.0
0.2
0.0
0.0
0.0
0.0
0.0
0.0
0.0
0.0
0.0
0.6
0.0
0.0
0.0
0.0
0.0
0.0
0.0
0.0
0.0
0.0
0.0
0.0
0.0
0.0
0.2
0.0
0.0
0.0
0.0
0.0
0.0
0.0
3.2
0.0
0.0
0.0
0.0
0.0
0.0
0.0
0.0
8.0
0.0
0.4
0.0
0.0
0.2
0.0
0.0
0.0
0.0
0.0
0.0
0.0
0.0
9.0
0.4
0.0
1.6
0.0
0.0
0.0
1.8
0.0
14.0
1.0
0.2
0.0
0.0
0.0
0.0
0.6
7.2
0.2
0.0
0.0
0.2
0.0
0.0
6.8
0.0
0.0
0.0
0.0
0.0
0.0
0.0
0.0
0.0
0.0
0.2
0.2
0.0
0.0
0.0
0.0
0.0
0.0
24.2
30.2
12.6
34.8
4.8
0.0
5.8
0.0
0.0
0.0
0.0
0.0
0.0
0.0
0.0
0.0
0.2
0.0
0.0
0.0
0.0
0.6
0.8
0.0
0.0
0.0
0.4
0.0
0.0
0.0
0.0
0.0
0.0
0.0
0.0
0.0
0.0
0.0
0.0
0.0
0.0
0.0
0.2
0.0
0.0
0.0
0.0
0.0
0.2
0.0
0.0
0.0
0.0
0.0
0.0
0.0
0.0
0.0
0.0
0.0
0.0
0.0
0.0
0.0
0.0
0.0
0.0
0.2
11.4
42.4
1.8
2.2
0.0
0.0
0.0
0.0
0.0
0.0
0.0
0.0
0.0
0.0
0.0
0.0
0.0
0.0
0.0
0.8
0.2
23.6
9.4
15.6
18.0
8.8
7.8
4.8
0.4
0.0
0.0
0.0
0.4
0.0
0.0
0.0
0.0
0.0
0.0
0.0
0.0
0.2
0.0
0.0
0.0
4.4
0.0
0.0
4.8
0.0
0.0
0.0
0.0
0.0
0.0
0.0
0.0
3.8
0.0
0.0
0.0
0.6
0.0
0.0
0.0
0.0
0.0
0.0
0.0
0.0
0.0
0.0
0.0
0.0
0.0
0.0
0.0
0.0
0.0
0.0
0.0
0.0
0.0
0.0
0.0
3.2
0.0
0.0
0.0
0.0
0.0
0.0
0.0
0.0
0.0
1.8
0.0
0.0
0.0
0.0
0.0
0.0
0.0
0.0
0.0
0.0
0.0
0.0
0.0
0.0
0.0
0.0
0.0
2.6
0.0
0.0
0.0
0.0
0.0
0.0
0.0
0.0
0.0
0.0
0.0
0.0
0.0
0.0
0.0
0.0
0.0
0.0
0.0
0.0
0.0
0.0
0.0
0.0
0.0
0.0
0.0
4.0
0.0
0.0
0.0
0.0
0.0
0.0
0.0
0.0
0.0
0.0
0.2
0.0
0.0
0.0
0.0
0.0
0.0
0.0
0.0
0.0
0.0
0.0
0.0
0.0
0.0
0.0
0.0
0.0
0.0
0.0
0.0
0.0
0.0
0.0
0.0
0.0
0.0
0.0
0.0
0.0
0.2
0.0
0.0
0.0
0.0
0.0
0.0
0.0
0.0
0.0
0.0
0.0
1.6
0.0
2.4
0.0
0.0
0.0
0.0
0.0
0.0
0.0
0.0
0.0
0.0
0.0
0.0
0.0
0.0
0.0
0.0
0.0
0.0
0.0
0.0
0.0
0.0
12.8
0.0
0.0
0.0
0.0
0.0
0.0
0.0
0.0
0.0
0.0
0.0
0.0
4.6
0.0
0.0
0.0
0.0
0.0
0.0
0.0
0.0
0.0
0.0
0.0
0.0
0.2
5.8
14.6
0.0
0.0
0.0
0.0
0.0
4.4
0.6
0.0
0.0
0.0
0.0
0.0
0.2
0.0
0.0
0.0
2.0
0.0
3.4
0.0
0.0
0.0
0.0
0.0
0.0
0.0
0.0
0.0
0.0
0.0
0.6
2.2
0.0
11.2
8.8
0.0
0.0
0.0
0.0
0.0
6.2
0.0
6.0
0.2
0.2
0.2
0.0
0.0
0.0
0.0
10.6
6.4
0.0
0.0
0.0
0.0
0.2
0.0
0.0
0.0
0.0
0.0
0.0
0.0
0.0
0.0
0.2
0.0
0.0
0.0
0.0
0.0
0.0
0.0
3.6
2.8
0.0
0.0
0.0
0.2
0.0
0.0
0.0
0.0
0.0
0.0
21.4
0.0
0.2
0.0
29.8
0.0
0.0
0.0
1.4
4.4
4.8
1.0
0.0
0.0
0.0
0.2
0.2
0.0
0.2
3.4
0.0
27.2
9.4
5.0
0.0
0.0
0.0
0.0
1.0
0.0
4.8
0.0
0.0
0.0
1.4
0.0
0.8
0.4
0.0
0.0
0.0
0.0
0.0
13.8
0.6
0.0
0.0
3.0
0.2
0.4
15.8
2.6
0.0
0.0
0.0
0.0
0.0
14.0
0.0
0.0
0.0
0.0
0.0
0.0
0.0
0.0
0.0
0.0
0.0
0.0
2.8
15.8
7.0
5.4
0.0
0.0
0.0
0.0
0.0
0.0
0.0
0.0
0.0
0.0
0.0
0.0
0.0
0.0
0.0
0.0
0.0
0.0
0.0
0.0
0.0
0.0
0.0
0.0
4.4
5.0
0.0
0.0
0.0
0.0
0.0
0.0
36.6
0.0
1.0
0.0
0.0
0.0
7.6
0.2
0.0
0.0
1.4
0.4
12.4
4.4
3.0
0.0
0.0
0.0
0.0
-9999.0
0.0
0.0
0.0
0.0
0.0
0.0
0.0
0.0
0.0
0.0
0.0
0.0
0.0
4.2
0.0
0.0
0.0
0.0
0.0
41.6
0.2
0.0
0.0
0.0
0.0
0.0
0.0
0.0
2.2
0.0
0.0
0.0
0.0
0.0
0.0
0.0
0.0
0.0
0.0
0.0
0.0
0.0
0.0
0.0
0.0
0.0
0.0
0.0
0.0
0.0
0.0
0.0
0.0
0.0
0.0
0.0
0.0
0.0
0.0
0.0
0.0
0.0
0.0
0.0
0.0
0.0
0.0
0.2
0.0
0.0
0.0
0.0
0.0
0.0
0.0
0.0
0.0
0.0
0.0
0.0
0.0
0.0
0.0
0.0
7.6
0.0
0.0
0.0
0.0
0.0
0.0
0.0
0.0
0.0
0.0
0.0
0.0
1.2
0.0
0.0
0.0
0.0
0.0
0.0
0.0
0.0
0.0
0.0
0.0
0.0
0.0
0.0
0.0
0.0
0.0
0.0
0.0
0.0
0.0
0.0
0.0
3.4
10.4
0.2
10.2
0.0
0.0
0.0
0.0
0.0
0.0
0.0
0.2
8.2
0.0
0.0
0.0
0.0
0.0
0.0
0.0
0.0
0.0
0.0
0.0
0.0
0.0
0.0
0.0
0.0
0.0
0.0
0.0
0.0
0.0
0.0
0.0
0.0
0.0
4.8
1.8
1.2
1.4
0.0
0.0
0.0
3.6
0.2
0.6
0.0
0.0
0.0
0.0
0.2
9.6
2.6
0.8
0.0
17.8
3.0
12.8
0.0
0.0
0.0
0.0
0.0
0.0
0.2
11.6
0.2
0.0
0.0
0.0
0.0
0.0
0.0
0.0
0.4
0.0
0.0
0.0
0.0
0.0
0.0
3.4
0.2
0.0
5.8
0.0
0.0
0.2
0.0
0.0
0.0
0.0
1.2
0.0
0.2
0.0
0.2
0.0
0.0
0.0
0.0
0.8
23.8
0.0
0.0
0.0
0.0
0.0
0.0
0.0
0.0
0.0
0.0
0.0
0.0
0.0
0.0
0.0
0.0
0.0
0.0
0.0
0.0
0.0
0.0
0.0
0.0
0.0
0.0
0.0
0.0
0.0
0.2
0.0
0.0
3.0
4.6
7.8
0.2
3.2
0.2
0.8
0.0
3.2
0.4
0.6
0.2
0.0
3.4
21.2
0.0
0.0
0.0
0.0
0.0
0.0
0.0
0.0
0.8
0.0
0.0
5.6
0.0
0.2
0.0
0.0
0.0
0.0
0.0
0.0
0.0
0.0
0.0
0.0
0.0
0.0
0.4
0.4
0.0
0.0
0.0
0.0
0.0
0.0
0.0
2.8
0.0
0.0
0.0
0.0
0.0
0.0
0.0
0.0
0.0
6.2
0.8
2.4
0.0
0.0
5.8
3.8
2.4
0.0
0.0
11.8
3.2
0.0
0.0
0.0
0.0
11.2
1.2
1.0
0.2
5.6
5.2
0.0
5.4
0.0
0.0
8.8
4.4
0.0
0.0
0.0
0.0
1.8
0.2
0.0
0.0
0.6
23.2
0.2
0.2
0.2
1.0
0.0
0.0
0.0
0.0
0.0
0.0
0.0
0.0
0.0
0.0
0.0
0.0
0.0
0.0
4.6
8.4
0.2
1.0
4.8
0.0
0.0
0.0
0.0
0.0
0.0
0.0
0.0
0.0
0.0
0.0
0.0
0.0
0.0
0.2
0.0
0.0
0.0
0.0
0.0
0.0
0.0
0.0
0.0
0.0
0.0
0.0
0.0
0.0
0.0
0.0
0.0
0.0
0.0
0.0
0.0
0.0
0.0
0.0
0.0
0.0
0.0
0.0
0.0
0.0
0.0
0.0
0.0
0.0
0.0
0.0
0.0
0.0
0.0
0.0
0.0
0.0
0.0
0.0
0.0
0.0
0.0
0.0
0.0
0.0
0.0
0.0
0.0
0.0
0.0
0.0
4.4
0.0
0.0
0.0
0.0
0.0
0.0
0.0
0.0
0.0
0.0
0.0
0.0
0.0
0.0
0.0
0.0
4.2
0.0
0.0
0.0
0.0
0.0
0.0
0.0
0.0
0.0
0.0
0.0
0.0
0.0
0.0
0.0
0.0
0.0
0.0
4.0
0.0
0.0
0.0
0.0
0.0
0.0
0.0
0.0
0.0
3.4
39.2
0.0
0.0
2.4
0.0
0.2
0.0
7.4
0.0
0.0
0.0
10.2
0.8
0.4
0.0
0.0
0.0
0.0
0.2
0.0
3.4
0.0
0.0
0.0
0.4
0.2
5.2
5.2
11.4
0.0
0.0
0.0
0.0
4.6
4.6
0.0
0.0
0.2
0.0
0.0
0.0
0.0
0.0
0.0
0.0
0.0
0.0
0.0
0.0
0.0
0.0
0.2
0.0
0.0
0.0
0.2
0.0
0.0
0.0
0.0
20.0
4.6
0.0
0.0
-9999.0
-9999.0
-9999.0
-9999.0
-9999.0
-9999.0
-9999.0
-9999.0
-9999.0
-9999.0
-9999.0
-9999.0
-9999.0
-9999.0
-9999.0
-9999.0
-9999.0
-9999.0
-9999.0
-9999.0
-9999.0
-9999.0
-9999.0
-9999.0
-9999.0
-9999.0
-9999.0
-9999.0
-9999.0
-9999.0
-9999.0
-9999.0
-9999.0
-9999.0
-9999.0
-9999.0
-9999.0
-9999.0
-9999.0
-9999.0
-9999.0
-9999.0
-9999.0
-9999.0
-9999.0
-9999.0
-9999.0
-9999.0
0.0
0.0
8.8
13.6
0.2
0.0
0.0
0.0
0.0
0.0
0.0
0.0
0.0
0.0
0.0
0.0
0.0
0.0
0.0
0.2
0.0
0.0
0.0
0.0
0.0
0.0
0.0
0.0
0.0
0.0
0.0
0.0
0.0
0.0
5.4
0.0
0.0
1.6
3.6
7.0
0.0
0.0
0.4
46.4
1.4
0.0
0.0
0.0
0.4
0.0
0.0
0.0
0.0
0.0
0.0
0.0
0.0
0.0
0.0
0.0
0.0
0.0
0.0
0.0
0.4
0.0
0.0
0.0
-9999.0
2.0
0.2
0.8
0.0
0.0
0.0
0.0
0.0
0.0
0.0
0.0
0.0
0.0
0.0
0.0
0.0
0.0
0.0
7.0
24.6
7.0
7.0
0.0
0.0
0.0
0.0
0.0
0.4
12.4
3.6
42.2
1.8
0.0
0.0
0.0
0.0
0.0
0.0
0.0
0.0
0.0
0.0
0.0
0.0
0.0
0.0
0.0
0.0
4.6
32.0
0.2
2.4
9.8
11.6
0.0
0.0
0.0
0.0
0.0
0.0
0.0
0.0
0.0
0.0
0.0
0.0
0.0
0.0
0.0
0.0
0.0
0.0
0.0
0.0
0.0
0.0
0.0
0.0
0.0
0.0
0.0
0.0
0.0
0.6
0.0
0.0
0.0
0.0
0.0
0.0
0.0
0.0
0.0
0.0
0.0
0.0
0.0
0.0
0.0
0.0
0.0
0.0
0.0
0.0
0.0
0.0
0.0
0.0
0.0
0.0
0.0
0.0
0.0
0.0
0.0
0.0
0.0
0.0
0.0
0.0
0.0
0.0
0.0
0.0
0.0
0.0
0.0
0.0
0.0
0.0
0.0
0.0
-9999.0
-9999.0
-9999.0
-9999.0
-9999.0
0.0
0.0
0.0
0.0
0.0
0.0
0.0
0.0
0.0
0.0
0.0
0.0
0.0
0.0
0.0
0.0
0.0
0.0
0.0
0.0
0.0
0.0
0.0
0.0
0.0
0.0
0.0
0.0
0.0
0.0
0.2
0.0
0.0
0.0
0.0
0.0
14.8
1.2
0.0
0.0
0.0
0.2
0.0
0.0
0.4
0.0
0.0
0.0
2.2
3.8
14.6
0.0
3.0
32.2
1.6
0.0
0.0
0.2
0.0
0.0
0.0
0.0
0.0
0.0
0.0
4.0
9.2
0.0
0.0
0.0
0.0
7.4
0.0
0.0
0.0
0.0
6.2
0.0
7.4
1.4
0.0
7.0
0.4
0.0
0.0
2.2
0.0
9.4
49.0
34.0
0.0
11.4
0.0
0.0
0.2
0.0
0.0
0.0
0.2
0.0
0.0
0.0
0.0
0.0
0.0
0.0
0.0
0.0
0.2
0.2
0.0
0.0
0.2
2.8
0.0
0.0
45.2
2.8
19.2
2.2
0.2
0.0
0.0
0.0
0.0
1.6
11.0
0.2
0.0
0.0
0.0
30.2
4.4
3.6
0.0
0.0
0.0
0.0
0.0
0.0
0.0
0.0
0.0
0.0
0.0
1.0
9.2
0.8
0.0
0.0
0.2
1.0
4.0
6.2
0.0
0.0
0.0
0.6
8.0
0.8
4.6
0.2
0.0
0.2
0.0
0.0
0.0
0.0
0.6
0.0
0.0
2.4
0.4
0.0
2.6
1.4
0.0
0.0
0.0
8.8
1.0
43.8
10.6
20.2
37.6
32.0
0.0
0.0
0.0
0.0
0.0
0.0
0.0
0.2
0.0
0.0
0.0
0.0
0.0
0.0
0.0
0.0
0.2
0.0
0.2
0.0
0.0
8.8
0.4
0.0
20.0
15.4
4.0
6.8
0.0
0.0
0.0
0.0
0.0
0.0
0.0
0.0
0.0
0.0
0.0
0.0
0.0
0.0
0.0
0.8
0.0
0.0
0.0
0.0
0.0
0.0
0.4
0.0
0.2
1.4
0.0
0.0
0.2
0.0
0.0
0.0
0.0
0.0
0.0
0.0
0.0
-9999.0
-9999.0
-9999.0
-9999.0
-9999.0
-9999.0
-9999.0
-9999.0
0.0
0.0
0.0
0.0
0.0
0.0
3.8
0.0
0.0
0.0
0.0
0.0
0.0
0.0
0.0
0.0
0.0
0.0
0.0
4.4
0.0
0.0
0.0
0.0
0.0
0.0
0.0
0.0
0.0
0.0
0.0
0.0
0.0
0.0
0.0
0.0
0.0
0.0
0.0
0.0
0.0
0.0
0.0
0.0
0.0
0.0
0.0
0.0
0.0
0.0
0.0
0.0
0.0
0.0
0.0
0.0
1.2
0.0
0.0
0.0
0.0
0.0
0.2
0.0
0.0
0.0
0.0
0.0
0.0
0.0
0.0
0.0
0.0
0.0
0.0
0.0
0.0
0.0
0.0
0.0
0.0
0.0
0.0
0.0
0.0
0.0
0.0
0.0
0.0
0.0
0.0
0.0
0.0
0.0
0.0
0.0
0.0
0.0
0.0
0.0
0.0
0.0
0.0
0.0
0.0
0.0
0.0
0.0
0.0
0.0
0.0
0.0
0.2
2.0
0.0
0.0
0.0
0.0
0.0
0.0
0.0
0.0
0.0
0.0
0.0
0.0
0.0
0.0
0.0
0.0
0.0
0.0
0.0
0.0
0.0
0.0
0.0
0.0
0.0
0.0
0.0
0.0
0.0
0.0
0.0
0.0
0.0
0.0
0.0
0.0
0.0
0.0
0.0
0.0
0.0
0.0
0.0
0.0
0.0
2.8
19.0
4.8
5.4
6.2
0.0
0.0
0.0
0.0
0.0
0.0
0.0
0.0
0.0
0.0
0.0
0.0
0.0
0.0
0.0
1.8
0.0
0.0
0.0
17.4
1.6
5.2
0.0
0.0
0.0
0.0
0.0
0.4
0.0
0.0
0.0
0.0
0.0
0.0
0.0
0.0
0.0
0.0
0.0
0.0
0.0
0.0
0.0
0.0
0.0
0.0
0.0
0.0
0.0
0.4
0.2
0.0
0.0
0.0
0.0
0.0
0.0
-9999.0
-9999.0
18.8
0.0
0.0
0.0
0.0
0.0
0.0
0.0
0.0
0.2
0.0
0.2
0.0
0.0
16.2
1.0
0.0
0.8
0.0
18.8
1.2
4.8
73.2
38.8
118.4
37.2
42.6
34.0
0.0
1.2
4.4
21.2
9.6
0.0
0.0
0.6
42.6
1.0
23.8
22.6
0.0
0.0
15.8
0.2
33.2
20.6
0.8
0.0
0.0
0.0
0.0
0.0
0.0
0.0
0.0
5.0
0.2
9.0
26.4
0.4
0.2
0.0
0.0
0.0
0.0
0.0
11.6
12.2
0.0
0.0
1.8
5.0
0.0
9.8
0.0
23.8
12.4
11.6
31.0
30.6
18.4
28.2
0.0
9.6
14.6
52.4
2.0
0.0
6.6
0.0
0.2
6.0
0.0
32.2
37.4
0.0
2.0
4.6
2.2
20.6
0.0
0.0
11.8
0.0
2.4
0.8
0.0
0.0
0.0
0.0
0.0
20.8
17.8
0.0
0.4
0.2
0.0
0.0
0.0
0.0
0.0
0.0
0.0
0.0
0.0
0.0
0.0
0.0
0.0
0.0
0.0
0.0
0.0
0.0
0.0
0.0
7.6
3.4
0.0
-9999.0
2.0
0.0
0.0
0.0
-9999.0
-9999.0
-9999.0
0.0
0.0
0.0
0.0
0.0
0.0
0.0
0.0
0.0
0.0
0.0
0.0
0.0
0.0
1.4
0.4
0.2
0.0
0.0
0.0
0.0
0.0
0.0
0.0
0.0
0.0
0.0
0.0
0.0
0.0
0.0
0.0
0.0
2.8
0.0
0.0
0.0
0.0
0.0
0.0
0.0
0.0
0.0
0.0
0.0
11.8
0.0
0.0
0.0
2.8
5.0
0.2
0.2
0.0
0.0
0.0
0.0
0.0
0.0
0.0
0.0
0.0
0.0
0.0
0.0
0.0
0.0
0.0
1.2
0.0
-9999.0
-9999.0
-9999.0
-9999.0
-9999.0
-9999.0
-9999.0
0.0
0.0
0.0
0.0
-9999.0
-9999.0
-9999.0
0.0
0.0
0.0
-9999.0
-9999.0
-9999.0
-9999.0
-9999.0
-9999.0
-9999.0
-9999.0
-9999.0
0.0
0.0
0.0
0.0
0.0
0.0
0.0
0.0
0.0
0.0
0.0
0.0
0.2
0.0
10.4
0.0
0.2
4.0
0.8
0.6
0.2
0.0
0.0
0.0
0.0
0.0
0.0
0.0
0.0
0.0
0.0
0.0
0.0
0.0
0.0
0.0
0.0
0.0
0.0
0.0
0.0
0.0
0.0
0.0
0.0
0.0
0.0
0.0
19.2
3.4
0.0
0.0
0.0
0.0
0.0
3.6
0.0
0.0
0.0
0.0
0.0
0.0
0.0
0.0
0.0
2.6
0.0
0.0
0.0
0.2
0.0
20.2
0.0
2.8
0.0
2.2
0.2
0.0
0.2
0.0
0.0
0.0
0.0
0.2
1.4
0.2
0.0
0.0
0.0
0.0
0.0
0.0
23.8
0.2
0.0
0.0
0.0
0.0
0.0
0.0
0.2
0.0
2.0
0.0
0.0
0.0
0.0
1.6
0.0
0.0
0.4
0.0
0.2
0.0
0.0
0.0
0.2
0.0
0.0
16.2
46.4
4.4
33.0
11.6
1.2
0.0
0.0
0.0
26.0
0.0
-9999.0
-9999.0
-9999.0
-9999.0
0.0
0.0
0.0
0.2
0.0
0.0
5.8
90.2
6.8
24.4
47.6
14.6
0.8
0.0
0.0
0.0
0.0
0.0
0.0
19.2
3.4
0.2
0.0
0.0
0.0
0.0
0.0
0.6
2.6
0.0
0.0
0.2
0.0
0.0
0.0
0.0
0.0
0.0
0.0
0.0
0.0
0.0
0.0
0.0
0.6
0.0
0.0
-9999.0
-9999.0
-9999.0
0.0
0.2
0.0
0.0
0.2
0.0
0.0
0.0
0.0
0.2
0.0
0.0
0.2
0.0
10.2
0.4
23.2
8.8
1.0
0.0
2.2
0.0
0.0
0.0
0.0
0.0
0.0
0.0
6.6
0.2
0.0
0.0
0.4
3.8
14.6
0.0
0.0
22.8
24.6
9.0
15.8
1.8
1.4
6.8
0.2
0.0
0.0
0.0
0.0
0.0
0.0
2.2
15.0
0.0
0.0
0.0
0.0
0.0
0.0
0.0
0.0
0.0
0.4
0.4
0.0
0.0
0.0
0.0
0.0
0.0
0.0
0.0
0.0
0.0
0.0
0.0
0.0
0.0
3.0
1.2
0.6
12.4
4.6
0.6
6.6
5.8
0.8
0.0
5.0
13.0
0.2
10.6
20.4
0.4
0.0
0.0
0.0
3.0
0.0
0.0
0.0
1.6
0.0
0.0
0.0
0.0
0.8
0.0
8.2
8.6
13.4
0.0
0.0
0.0
0.0
0.0
0.0
0.0
2.6
0.0
0.0
0.0
7.4
3.8
0.6
0.2
0.0
3.4
3.8
0.0
0.0
0.0
0.0
0.0
0.0
0.0
0.0
0.0
0.0
0.0
0.0
0.0
0.0
0.0
0.0
0.0
0.0
0.0
0.0
0.0
0.0
0.0
0.0
0.0
0.0
0.0
0.0
0.0
0.0
0.0
0.0
0.0
0.0
0.0
0.0
0.0
0.0
0.0
0.0
0.0
0.0
0.0
0.0
0.0
0.0
0.0
0.0
0.0
0.0
0.0
0.0
0.0
0.0
0.0
0.0
0.0
0.0
0.0
0.0
0.0
0.0
0.0
0.0
0.0
0.0
0.0
0.0
0.0
0.0
0.0
0.0
0.0
0.0
0.0
0.0
0.0
0.0
0.0
0.0
0.0
0.6
0.4
0.0
0.0
0.8
0.0
0.0
0.0
0.0
0.0
0.0
0.0
0.0
0.0
0.0
0.0
0.0
0.0
0.0
0.0
0.0
0.0
0.0
0.0
0.0
0.0
3.0
0.0
0.0
0.0
0.0
0.0
0.0
0.0
0.0
0.0
0.0
0.0
0.0
0.0
0.0
0.0
0.0
0.0
0.0
0.0
0.0
0.0
0.0
0.0
0.0
0.2
0.0
0.8
2.8
2.2
5.4
15.4
0.0
10.2
2.8
5.4
0.0
0.2
0.0
0.0
20.8
27.6
15.6
0.0
0.0
0.0
0.2
0.0
0.0
0.0
0.0
0.0
8.8
0.2
0.0
0.0
9.4
35.6
8.0
0.0
0.0
0.0
3.0
0.0
0.0
0.0
0.0
0.0
0.0
0.4
0.0
0.2
0.6
0.2
0.0
0.0
0.0
0.0
0.4
0.0
0.2
0.0
0.4
0.0
0.0
0.0
0.0
0.0
0.0
0.0
0.0
0.0
0.0
0.0
0.0
0.0
0.0
0.0
0.0
0.0
0.0
0.0
0.0
0.0
0.0
0.0
0.4
0.0
0.0
0.0
0.0
0.0
0.2
0.0
0.8
7.2
0.0
0.0
0.4
0.0
0.0
0.0
0.0
0.0
0.2
0.0
11.0
0.4
0.0
0.0
0.4
0.0
0.0
0.0
0.0
0.0
0.0
0.0
0.0
0.0
0.0
0.0
0.0
0.0
0.0
0.0
5.2
0.0
0.4
0.0
0.2
0.4
0.2
0.0
0.0
0.0
0.0
0.0
0.0
0.0
5.0
4.0
0.0
0.0
0.0
0.0
0.2
0.0
0.6
0.4
0.0
0.0
0.0
0.0
0.0
0.0
0.0
0.0
18.6
0.4
0.2
0.0
0.0
0.0
0.0
0.0
0.0
0.0
0.0
0.0
0.0
0.0
0.0
0.4
0.0
0.8
1.2
0.0
0.0
0.0
0.0
0.0
0.0
0.0
6.4
2.0
0.0
0.0
0.0
0.0
0.0
0.0
0.0
0.0
0.0
0.0
0.0
1.4
5.4
10.0
0.6
0.0
0.0
0.0
0.2
6.0
0.0
0.0
0.0
0.0
0.0
0.0
0.0
0.0
0.0
0.0
0.0
0.0
0.0
0.0
2.0
0.0
0.0
0.0
0.0
0.0
0.0
0.0
0.0
0.0
0.0
0.0
0.0
0.0
0.0
0.0
0.0
0.0
0.0
0.0
0.0
0.0
0.0
0.0
0.0
0.0
0.0
0.0
0.0
4.6
0.0
0.0
0.0
0.0
0.0
0.0
0.0
0.0
0.0
0.0
0.0
0.0
0.0
0.0
0.0
0.0
0.0
0.0
0.0
0.0
0.0
0.0
0.0
0.0
0.0
0.0
0.0
0.0
0.0
0.0
0.0
0.0
0.0
0.0
0.0
0.0
0.0
0.0
0.0
0.0
0.0
0.0
0.0
0.0
0.0
0.0
0.0
0.0
0.0
0.0
0.0
0.0
0.0
0.0
0.0
0.0
0.0
0.0
0.0
0.0
0.0
0.0
0.0
0.0
0.0
0.0
0.0
0.0
0.0
0.0
0.0
0.0
0.0
0.0
0.0
0.0
0.0
0.0
0.0
0.0
0.0
0.0
0.0
0.0
0.0
0.0
0.0
0.0
0.0
0.0
0.0
0.0
0.0
0.0
0.0
0.0
0.0
0.0
0.0
0.0
4.4
39.4
11.6
0.0
0.0
0.0
0.0
0.0
0.2
0.0
0.0
0.0
0.0
0.0
0.0
0.0
0.0
0.0
0.0
0.0
0.0
2.8
2.8
5.4
0.0
0.0
0.0
15.0
39.4
10.2
0.2
0.0
0.0
32.6
1.0
0.8
21.0
21.8
24.0
29.2
17.8
6.6
1.6
7.0
0.6
0.4
0.0
0.0
0.0
0.0
0.0
12.8
3.6
0.2
0.2
0.0
0.0
0.0
0.0
0.0
2.0
0.0
0.0
0.2
0.0
0.0
0.0
0.0
0.0
0.0
0.2
1.0
0.0
0.0
0.2
0.0
0.0
0.0
0.0
0.0
0.0
0.0
0.2
0.0
0.0
0.0
0.0
0.0
0.0
3.8
0.0
0.0
0.0
0.0
0.0
0.0
0.2
0.0
0.0
0.0
0.0
0.0
0.0
0.0
0.0
0.0
0.0
0.0
0.0
0.0
0.0
0.2
0.0
9.0
32.6
7.0
0.0
5.6
0.2
1.0
0.0
0.2
0.0
0.0
0.0
0.0
0.0
0.0
0.0
0.0
0.0
0.0
0.0
0.0
0.0
0.0
0.0
0.0
0.0
0.0
0.0
0.0
0.0
0.0
1.4
4.0
1.8
4.8
14.2
0.6
0.0
0.0
0.0
2.4
14.8
3.2
0.0
0.0
18.2
18.8
3.2
33.4
1.4
0.8
0.6
0.0
9.4
0.0
0.0
0.2
9.0
7.8
0.0
29.4
0.0
0.0
0.0
3.4
0.0
0.0
0.0
0.0
0.0
1.8
0.0
9.8
0.0
0.0
2.0
1.2
4.2
0.0
0.0
0.0
0.0
0.0
0.0
0.0
0.0
0.0
0.0
0.0
0.0
0.0
0.0
0.0
0.0
1.4
0.0
0.0
0.0
0.0
0.0
2.4
11.2
6.4
0.0
0.0
4.2
4.0
0.0
0.0
0.0
0.0
0.0
0.0
0.0
0.0
0.0
0.0
0.0
0.6
5.2
0.0
0.0
5.2
2.6
0.0
0.0
0.0
0.0
0.0
0.0
0.0
0.0
0.0
0.0
0.0
0.0
0.0
0.0
0.0
0.0
0.0
0.0
0.0
0.0
0.0
0.0
0.0
0.0
0.0
0.0
0.0
0.0
0.0
0.0
0.0
0.0
0.0
0.0
0.0
0.0
0.0
0.0
0.0
0.0
0.0
0.2
0.0
0.0
0.0
0.0
0.0
0.0
0.0
0.0
0.0
0.2
0.0
0.0
0.0
0.0
0.0
0.0
0.0
0.0
0.0
0.0
0.0
0.0
0.0
0.0
0.0
0.0
0.0
0.0
0.0
0.2
0.0
0.0
0.0
0.0
0.0
0.0
0.0
0.0
0.0
0.0
0.0
0.0
0.0
0.0
0.0
0.0
0.0
0.0
0.0
0.0
0.0
0.0
0.0
1.0
0.4
0.0
0.0
29.2
16.0
0.0
0.0
0.0
0.0
0.0
0.2
4.6
4.0
0.0
11.2
1.8
0.0
0.0
2.6
0.2
0.0
0.0
0.0
13.0
0.0
0.8
0.0
0.0
0.0
0.0
0.0
0.0
4.0
0.0
0.0
0.0
0.0
3.8
0.0
0.0
0.0
0.0
0.0
0.0
0.0
0.0
0.0
0.0
0.0
0.0
0.0
0.0
0.0
0.0
0.0
0.0
0.0
5.0
0.0
0.0
0.0
0.0
0.0
0.0
0.0
0.0
0.0
0.0
0.0
0.0
0.0
0.0
0.0
0.0
0.0
0.0
0.0
0.0
0.0
10.4
0.2
0.0
0.0
0.0
0.0
0.0
0.0
0.0
0.0
0.0
0.0
0.0
0.0
0.0
0.0
0.0
0.0
0.0
0.2
0.0
0.0
0.0
0.0
0.0
0.0
0.0
0.0
0.0
0.0
0.0
0.0
0.0
0.0
0.0
0.0
9.4
0.0
0.0
0.2
0.2
20.4
38.4
0.0
0.0
0.0
0.0
0.0
0.0
0.0
0.0
0.0
0.4
0.0
0.0
0.0
0.0
0.0
0.0
0.0
0.2
0.0
0.0
0.2
1.8
11.4
12.8
15.8
0.0
0.6
3.0
0.2
0.0
0.0
0.0
0.0
0.0
0.0
0.0
0.0
0.0
0.0
0.0
0.4
0.2
4.8
0.0
1.6
34.0
0.0
1.0
0.0
0.2
0.0
0.0
0.4
0.0
3.6
0.0
0.0
0.2
0.0
0.2
6.6
0.0
0.0
0.0
0.2
0.8
0.0
0.0
0.0
0.0
0.0
0.0
0.0
0.0
0.0
0.0
0.0
3.0
0.0
0.0
0.0
0.0
0.0
0.0
0.0
0.2
0.0
0.0
0.0
0.0
0.0
0.0
0.0
13.2
0.0
0.0
0.0
6.2
0.0
0.0
0.0
0.0
0.0
0.0
0.0
0.0
0.0
0.0
0.0
0.0
0.0
0.0
0.0
0.0
0.0
0.0
0.6
0.0
0.0
0.0
0.0
0.0
0.0
0.0
0.0
0.0
0.0
0.0
0.0
0.0
0.0
0.0
0.0
0.0
0.0
0.0
0.0
0.0
0.0
0.0
0.0
0.0
0.0
0.0
0.0
0.0
0.2
0.0
0.0
0.0
0.0
0.0
0.0
0.0
0.0
0.0
5.6
2.0
0.0
0.0
0.0
0.0
0.0
0.0
0.0
0.0
0.0
0.0
0.0
0.0
0.0
0.0
0.2
0.0
0.0
0.0
0.0
0.0
0.2
3.0
0.0
0.0
0.0
0.0
0.0
0.0
0.0
0.0
0.0
0.0
0.0
0.0
0.0
0.0
0.0
0.0
0.0
0.0
0.0
0.0
0.0
0.0
0.0
0.0
0.0
0.0
0.0
0.0
0.0
0.0
0.0
0.0
0.0
0.0
0.0
0.0
0.0
0.0
0.0
0.0
0.0
0.0
0.0
0.0
0.0
0.0
0.0
0.0
0.0
0.0
0.0
0.0
0.0
0.0
0.0
0.0
0.0
0.0
0.0
0.0
0.0
0.0
0.0
0.0
0.0
0.0
0.0
0.0
0.0
0.0
0.0
0.0
0.0
0.0
0.0
0.0
0.0
0.0
0.0
0.0
0.0
0.0
0.0
0.0
0.2
0.0
0.0
0.0
0.0
0.8
0.0
0.0
0.0
0.0
1.2
12.0
0.6
3.0
6.4
0.2
0.0
0.6
0.4
0.0
0.0
0.0
0.0
0.0
0.0
4.0
1.4
22.6
0.0
0.0
0.0
0.0
0.0
0.0
0.0
0.0
0.0
0.0
0.0
0.0
0.0
0.0
0.0
0.0
0.0
0.0
0.0
0.4
24.6
9.6
0.0
0.0
0.0
2.2
0.0
0.6
11.4
0.0
1.0
23.8
0.0
0.0
0.0
0.0
0.0
0.0
0.0
7.2
0.0
-9999.0
-9999.0
-9999.0
-9999.0
-9999.0
-9999.0
0.0
0.2
0.0
0.4
0.2
0.0
0.0
0.0
0.0
0.0
0.0
0.0
-9999.0
-9999.0
-9999.0
0.0
0.2
0.0
0.0
0.0
0.2
0.0
0.0
0.0
0.0
0.0
0.2
0.2
0.0
0.0
0.0
0.0
0.0
0.0
0.0
0.0
0.0
0.0
0.0
-9999.0
0.0
0.0
0.0
0.0
0.0
0.0
9.8
0.6
0.0
24.0
0.2
0.0
3.6
0.8
0.0
0.0
0.0
0.0
0.0
0.0
0.0
1.2
3.4
0.0
0.0
0.2
0.0
0.0
0.0
0.8
0.4
0.0
0.0
9.6
7.6
0.0
0.4
0.0
7.4
15.2
0.0
0.0
0.0
0.2
0.0
0.0
0.0
17.6
0.0
0.0
0.0
0.0
0.0
0.0
-9999.0
-9999.0
0.0
0.0
0.0
0.0
0.0
0.0
0.0
0.0
1.2
0.2
1.2
5.0
3.6
0.2
9.4
3.8
3.0
0.0
0.2
0.2
0.0
0.0
0.0
0.0
0.0
0.0
0.0
0.0
0.0
0.0
0.0
0.0
0.2
6.0
0.4
5.0
1.2
0.2
0.0
10.8
1.8
0.2
0.0
0.0
0.0
0.0
0.2
0.0
0.0
0.0
1.8
11.0
0.0
0.0
0.0
0.0
0.0
0.0
0.0
0.0
0.0
0.0
0.0
0.0
0.0
0.0
0.0
0.0
0.0
0.0
0.0
0.0
0.0
0.0
0.0
47.0
0.0
0.0
3.6
0.0
0.0
0.0
0.0
0.0
0.0
9.8
14.0
2.2
0.0
0.0
0.0
0.0
0.0
0.0
0.0
0.0
0.0
0.0
0.0
0.0
0.0
0.0
0.0
0.0
0.0
0.0
0.0
0.0
0.0
0.0
0.0
0.0
0.0
0.0
0.0
0.0
0.0
0.0
0.0
0.0
0.0
0.0
0.0
0.0
0.0
0.0
0.0
0.0
0.0
0.0
0.0
0.0
0.0
0.0
0.0
0.0
0.0
0.0
0.0
0.0
0.0
0.0
0.0
0.0
0.0
0.0
0.0
0.0
0.0
0.0
0.0
0.0
0.0
0.0
0.0
0.0
0.0
0.2
0.0
0.0
0.0
0.0
0.0
0.0
0.0
0.0
0.0
0.0
0.0
0.0
0.0
0.0
0.0
0.0
0.0
0.0
0.0
0.0
0.2