23 8 2000
606 
0.0
0.0
0.0
0.0
0.0
0.0
0.0
0.0
0.0
0.0
0.0
0.0
0.0
0.0
0.0
0.0
0.0
0.0
0.0
0.0
0.0
0.0
0.0
0.0
0.0
0.0
0.0
0.0
0.0
0.0
0.0
0.0
0.0
0.0
1.0
0.0
2.8
8.0
0.0
0.2
0.0
0.0
0.0
0.0
0.0
0.0
0.0
0.0
0.0
20.4
2.8
1.4
0.0
3.2
0.2
0.0
0.0
0.0
3.0
14.8
0.2
4.4
1.6
0.2
0.0
0.0
0.0
0.0
0.0
1.0
0.0
6.4
0.2
0.0
3.8
8.8
0.0
0.0
0.0
0.0
0.0
0.0
13.8
0.2
0.0
3.0
0.0
0.0
0.0
0.2
0.0
12.2
7.8
5.4
1.2
0.0
0.2
0.0
5.6
0.0
1.2
1.4
0.0
0.0
2.4
0.8
3.6
0.6
0.2
0.0
0.0
0.0
0.0
0.0
0.0
0.0
0.0
0.2
0.0
0.0
0.0
6.6
29.6
22.4
39.2
13.8
1.6
7.8
4.8
6.0
0.0
6.0
1.4
0.2
0.4
4.8
6.2
0.0
0.0
0.6
0.8
24.8
0.4
0.0
0.0
0.0
4.6
0.0
10.8
0.0
0.0
0.0
0.2
0.6
4.8
1.4
7.8
5.0
5.2
0.0
0.0
0.0
0.0
0.2
0.0
0.0
0.0
0.2
8.2
2.8
0.0
0.0
0.2
0.0
0.0
1.6
0.2
0.0
0.0
0.0
0.0
0.0
0.0
0.0
0.0
1.4
0.2
4.8
7.0
1.8
24.8
16.0
12.6
4.4
0.0
0.0
9.4
3.4
0.6
0.2
0.0
0.0
0.0
0.0
0.0
1.0
0.0
0.0
0.2
0.0
0.0
0.0
0.0
0.0
1.0
7.0
0.0
0.0
0.0
0.0
0.0
0.0
0.0
0.0
0.0
0.0
0.0
0.0
0.0
0.0
0.0
0.0
0.0
0.0
0.0
0.0
0.0
0.0
0.0
0.0
0.0
0.0
0.0
0.0
0.0
0.0
0.0
0.0
0.0
0.0
0.6
0.2
0.2
8.8
1.4
0.0
0.0
0.0
0.0
0.0
0.4
0.0
0.0
0.0
0.0
0.0
0.0
0.0
1.0
19.8
15.8
0.0
0.2
0.0
0.0
0.0
0.0
0.0
0.0
0.0
0.0
0.0
0.0
0.0
0.0
0.0
0.0
0.0
0.0
0.0
0.0
0.0
0.0
0.0
0.0
0.0
0.0
0.0
0.0
0.0
0.0
0.0
0.0
0.0
0.0
0.0
0.0
0.0
0.0
0.0
0.0
0.0
0.0
0.0
0.0
0.0
0.0
0.0
0.0
0.0
0.0
0.0
0.0
0.0
0.0
0.0
0.0
0.0
0.0
0.0
0.0
0.0
0.0
0.0
0.0
0.0
0.0
0.0
0.0
0.0
1.0
0.0
0.0
0.0
0.0
0.0
0.0
0.0
0.0
0.0
0.0
0.0
0.0
0.0
0.0
0.0
0.0
0.0
0.0
0.0
0.0
0.0
0.0
0.0
0.0
0.0
0.0
2.2
0.0
0.0
0.0
0.0
0.0
0.0
0.0
0.0
0.0
0.0
0.0
0.0
0.0
0.0
0.0
0.0
0.0
0.0
0.0
0.0
0.0
0.0
0.0
0.0
0.0
0.0
3.4
32.6
0.0
0.2
0.0
0.0
0.8
17.8
0.2
0.0
0.0
0.2
0.0
0.0
0.0
2.4
0.0
0.0
0.0
8.4
19.8
24.6
0.2
0.0
0.0
0.4
0.6
0.6
20.2
1.6
0.0
0.2
0.0
0.0
0.2
0.4
0.6
0.0
0.0
0.0
0.0
0.0
0.4
0.0
15.8
15.4
0.2
0.0
0.0
0.2
0.0
0.0
0.0
0.0
0.2
2.4
0.0
0.0
0.0
0.0
0.0
0.4
1.6
0.0
0.0
0.0
0.0
0.0
0.2
0.0
0.0
0.0
0.0
0.2
0.0
0.0
0.0
0.0
0.0
0.0
0.6
0.4
1.0
0.0
10.6
12.2
0.0
4.6
0.0
0.0
0.0
0.0
6.4
24.6
1.2
0.2
0.0
0.2
0.0
0.0
0.2
5.8
0.0
4.0
7.6
0.2
0.0
0.0
0.0
0.0
0.0
0.2
0.0
0.2
0.0
0.0
0.0
0.0
0.2
0.0
0.0
0.2
3.6
2.2
4.8
0.0
0.0
0.2
0.0
0.2
0.0
0.0
0.0
0.0
0.0
0.0
0.0
0.0
0.0
0.0
0.0
0.0
0.0
0.0
0.0
0.0
0.0
0.0
0.0
9.4
0.0
0.0
0.0
0.0
0.0
0.0
0.0
0.0
0.0
0.0
0.0
2.8
0.0
31.6
3.0
1.2
0.0
0.0
0.0
0.0
0.0
0.0
0.0
7.0
10.2
15.4
4.8
0.0
1.2
0.0
0.0
0.0
0.0
0.0
0.0
0.0
0.0
0.0
0.0
0.0
0.0
0.0
11.4
7.6
0.6
1.4
4.0
11.8
5.8
0.0
8.4
0.0
24.4
0.4
39.8
0.2
0.2
0.0
0.0
0.2
5.0
0.0
0.0
0.0
0.0
0.0
0.0
0.0
0.0
0.0
0.0
0.0
0.0
0.8
0.0
0.0
0.0
3.8
8.8
4.6
3.0
0.4
0.0
0.0
0.0
0.0
0.0
0.0
0.0
0.0
0.0
0.0
0.0
0.0
0.0
0.0
0.0
0.0
0.0
0.0
0.0
0.0
0.0
0.0
0.0
0.0
1.6
1.0
0.0
0.0
0.0
0.0
0.0
0.0
0.0
0.0
0.0
0.0
0.0
0.0
0.0
0.0
0.0
0.0
0.0
0.0
0.0
0.0
0.0
0.0
0.0
0.0
0.0
0.0
0.0
0.0
0.0
0.0
0.0
0.0
0.0
0.0
0.0
0.0
0.0
0.0
0.0
0.0
0.0
0.0
0.0
0.0
0.0
0.0
0.0
0.0
0.0
0.0
0.0
0.0
0.0
0.0
0.0
0.0
0.0
0.0
0.0
0.0
0.0
0.0
0.0
0.0
0.0
0.0
0.0
0.0
0.0
0.0
0.0
0.0
0.0
0.0
0.0
0.0
0.0
0.0
0.0
0.0
0.0
0.0
0.0
0.0
0.0
0.0
0.0
0.0
0.0
0.0
0.0
0.0
0.0
0.0
0.0
0.0
0.0
0.0
0.0
0.0
0.0
0.0
0.0
0.0
0.0
0.0
0.0
0.0
0.0
5.0
0.0
0.0
0.0
0.0
0.0
0.0
2.0
7.8
0.6
0.0
0.0
0.0
0.0
0.0
8.0
2.2
0.0
0.0
0.0
0.0
0.0
0.0
2.6
0.0
0.0
0.0
5.2
0.4
0.0
0.2
0.0
0.0
0.0
0.0
0.0
0.0
0.0
0.0
0.0
0.0
0.0
0.0
0.0
0.0
0.0
0.0
0.0
0.0
0.0
0.0
11.6
33.2
4.0
4.0
1.8
0.0
5.6
5.8
5.2
1.6
23.2
7.6
0.0
0.4
11.4
4.4
0.0
0.0
0.4
0.0
0.0
0.0
0.0
0.0
0.0
0.0
10.8
2.0
0.2
0.0
2.6
1.0
0.0
2.2
8.4
10.0
1.4
0.2
0.2
0.0
1.2
0.4
1.0
6.4
15.6
0.2
0.0
0.6
0.0
0.0
0.0
3.6
0.0
4.6
0.0
12.2
3.6
13.0
0.8
0.2
0.0
0.0
0.0
0.0
0.0
0.2
1.2
0.4
25.4
0.2
4.0
0.0
0.0
0.0
0.0
0.0
0.0
0.0
0.0
1.6
0.0
0.0
0.0
0.0
0.0
0.0
8.6
0.2
0.0
0.0
0.0
8.0
0.0
0.2
0.0
0.0
1.8
6.0
10.4
0.2
1.8
0.0
0.0
7.4
11.6
14.6
0.0
0.0
0.0
0.0
0.0
0.0
0.0
0.0
0.0
0.0
0.0
0.0
0.0
0.0
0.0
0.0
0.0
0.0
0.4
4.6
7.0
0.0
0.0
1.0
0.2
0.0
0.2
4.6
13.6
4.8
11.8
0.2
0.0
0.4
0.0
0.0
0.0
0.0
0.0
0.0
0.0
6.0
2.4
1.0
0.0
9.0
1.2
0.0
0.2
0.0
1.8
4.0
0.0
0.0
3.8
0.2
0.0
0.0
0.0
0.0
0.0
0.0
0.0
0.0
0.0
0.0
0.0
0.0
1.2
1.8
0.0
0.0
0.0
0.0
0.0
0.0
0.0
0.0
0.0
0.0
0.0
0.0
0.0
0.0
0.0
0.0
0.0
0.0
0.0
0.0
0.0
0.0
0.0
0.0
0.0
0.0
0.0
0.0
0.0
0.0
0.0
1.2
0.0
0.0
0.0
0.0
0.0
0.0
0.0
0.0
0.0
0.0
0.0
0.0
0.0
0.0
0.0
0.0
0.0
0.0
0.0
0.0
0.0
0.0
0.0
0.0
0.0
0.0
0.4
0.0
0.0
0.0
0.0
0.0
0.0
0.0
0.0
0.0
0.0
0.0
0.0
0.0
0.0
0.0
0.0
0.0
0.0
0.0
0.0
0.0
0.0
0.0
0.0
0.0
0.0
0.0
0.0
0.0
0.0
0.0
0.0
0.0
0.0
0.0
0.0
0.0
0.0
0.0
0.0
0.0
0.0
0.0
0.0
0.0
0.0
0.0
0.0
0.0
0.0
0.0
0.0
0.0
0.0
0.0
0.0
0.0
0.0
0.0
0.0
2.4
0.0
0.0
0.0
0.0
0.0
0.0
0.0
0.0
0.0
0.0
0.0
0.0
0.0
0.0
0.0
0.0
0.0
0.0
0.0
0.0
0.0
0.0
0.0
0.0
0.0
3.4
0.2
0.0
0.0
0.8
0.0
7.8
0.2
0.0
0.0
0.0
0.6
0.0
0.0
6.0
0.0
0.0
0.0
2.2
3.6
0.0
0.6
0.0
0.2
0.0
22.0
7.8
27.4
5.6
0.0
0.2
21.0
0.2
0.0
0.0
0.0
0.0
0.2
0.0
0.0
0.4
0.0
0.2
0.0
0.0
0.2
27.8
2.0
0.2
0.0
0.0
0.0
0.0
15.2
7.6
0.2
0.0
3.2
0.0
0.0
0.2
4.4
2.8
0.0
0.2
2.4
0.2
6.8
0.0
5.2
20.2
0.0
0.0
0.2
0.0
0.0
0.0
0.2
5.6
1.2
0.0
0.0
0.0
0.0
0.0
0.0
0.0
0.0
0.2
2.0
1.4
5.4
0.2
0.0
0.0
0.0
0.0
0.0
0.2
0.0
0.2
0.0
0.2
0.2
0.0
0.0
0.0
0.4
0.2
0.2
0.0
0.0
0.0
0.0
0.0
0.0
0.0
0.0
0.6
14.2
0.0
0.4
0.0
0.2
0.0
0.2
0.0
0.0
0.0
0.0
0.0
0.0
0.0
0.0
0.0
0.0
0.0
1.0
0.0
0.0
0.2
0.0
0.0
4.4
6.0
11.4
3.8
12.8
11.2
5.6
4.0
0.0
0.2
0.0
0.0
0.0
0.0
0.0
0.0
0.2
0.0
0.0
0.0
0.0
2.2
2.0
0.0
1.4
1.4
0.0
0.0
0.0
0.0
0.0
0.0
0.0
0.0
2.6
15.2
23.4
35.6
3.6
2.0
0.0
6.6
0.0
0.0
0.2
0.0
0.0
0.0
8.0
5.2
0.0
0.0
0.0
0.0
0.0
14.4
0.8
0.4
1.0
0.0
0.0
1.0
0.0
0.0
0.0
0.0
0.0
0.0
13.6
0.4
0.4
3.2
13.8
6.0
0.0
7.4
0.6
0.0
0.0
2.2
5.8
3.4
0.8
1.6
0.0
0.0
0.0
0.0
0.0
0.0
0.2
0.0
0.0
0.0
22.8
3.6
2.2
5.4
0.0
0.0
0.0
0.0
0.0
0.0
0.0
0.0
0.0
0.0
0.4
0.0
0.0
0.0
0.0
4.2
0.0
0.8
0.0
0.0
0.0
0.0
0.0
0.0
0.0
0.0
0.0
0.0
0.0
0.0
0.0
0.0
0.0
0.0
0.0
0.0
0.0
0.0
0.0
0.0
0.0
0.0
0.0
0.0
0.0
0.0
0.0
0.0
0.0
0.6
0.0
0.0
0.0
0.0
0.0
0.0
0.0
0.0
0.0
0.0
0.0
0.0
0.0
0.0
0.0
0.0
0.0
0.0
0.0
0.0
0.0
0.0
0.0
0.0
0.0
0.0
0.0
0.0
0.0
0.0
0.0
0.0
0.0
0.0
0.0
0.0
0.0
0.0
0.0
0.0
0.0
0.0
0.0
0.0
0.0
0.0
0.0
0.0
9.0
0.0
0.0
0.0
0.0
0.0
0.0
0.0
0.4
0.0
0.0
0.0
0.0
0.0
0.0
0.0
0.0
0.0
0.0
0.0
0.0
0.0
0.0
0.0
0.0
0.0
0.0
0.0
0.0
0.0
0.0
0.0
0.0
0.0
0.0
0.6
0.0
0.0
0.0
0.0
0.0
0.0
0.0
0.0
0.0
2.0
1.4
0.0
0.0
0.0
0.0
0.0
2.8
0.0
9.4
1.2
0.0
0.2
6.8
0.0
0.0
0.0
0.6
0.0
0.0
0.0
0.0
0.0
0.0
0.0
0.0
0.0
0.0
0.0
0.0
0.0
0.0
0.0
0.0
0.0
0.0
0.0
0.0
0.0
0.0
0.0
0.0
0.0
8.0
3.6
27.0
13.8
0.8
0.0
0.0
0.0
0.0
0.0
0.2
0.0
0.0
0.0
0.0
0.0
0.0
0.0
0.0
0.2
0.0
0.0
0.0
0.0
0.0
0.2
0.0
0.0
1.2
0.0
0.0
0.0
0.2
0.0
0.0
0.0
0.0
0.0
0.0
0.0
0.0
0.0
0.0
0.2
0.0
0.0
0.0
0.0
0.0
0.0
0.0
0.0
0.0
0.0
0.0
0.0
0.0
0.0
1.0
0.0
0.0
0.0
0.0
0.0
0.0
0.0
0.0
0.0
5.2
1.2
0.2
0.0
0.0
0.0
0.0
0.0
0.0
0.0
0.0
0.0
0.0
0.0
0.0
0.0
0.0
0.0
0.0
3.0
0.6
20.8
23.6
5.4
0.0
7.0
5.8
0.0
0.2
0.0
0.0
0.0
0.6
0.0
0.8
0.2
0.0
0.0
0.0
0.0
0.0
0.0
0.0
0.2
0.2
1.6
0.0
0.0
2.4
0.0
0.4
0.0
0.0
0.0
0.0
0.0
0.0
0.0
0.0
0.0
0.0
2.8
0.0
0.0
0.0
0.0
0.0
0.0
0.0
0.0
0.0
0.0
0.0
0.0
0.0
0.0
0.0
0.0
0.0
0.0
0.0
0.0
0.0
0.0
3.0
1.4
0.0
0.0
0.0
0.0
0.0
0.0
0.0
0.0
0.0
1.6
0.0
0.0
0.0
1.8
0.0
0.0
0.0
0.0
0.0
0.0
0.0
0.0
0.0
0.0
0.0
0.0
0.8
1.8
0.0
0.0
0.0
0.0
0.0
0.0
0.0
0.0
0.0
0.0
0.0
0.0
0.0
0.0
0.0
0.0
0.0
0.0
0.0
0.0
0.0
0.0
0.0
0.0
0.0
0.0
0.0
1.6
0.0
0.0
0.0
0.0
0.0
0.0
0.0
0.0
0.0
0.0
0.0
0.0
0.0
0.0
0.0
0.0
0.0
0.0
0.0
0.0
0.0
0.0
0.0
0.0
0.0
0.0
0.0
0.0
0.0
0.0
0.0
0.0
0.0
0.0
0.0
0.0
0.0
0.0
0.0
0.0
0.0
0.0
0.0
0.0
0.0
0.0
0.0
0.0
0.0
0.0
0.0
0.0
0.0
0.0
0.0
0.0
0.0
0.0
0.0
0.0
0.0
0.0
0.0
0.0
0.0
0.0
0.0
0.0
0.0
0.0
3.0
1.8
0.0
0.0
0.0
0.0
0.0
0.8
0.0
0.0
0.4
0.0
0.0
0.0
0.0
0.0
0.0
0.0
0.0
0.0
4.0
0.0
0.0
0.0
0.0
0.0
0.0
0.0
0.0
0.0
0.0
0.0
0.0
0.0
4.4
9.2
4.4
0.0
0.0
0.0
0.0
6.8
1.0
0.2
0.0
0.0
0.2
0.0
0.0
0.0
0.0
0.0
1.6
0.0
2.2
0.0
0.0
0.0
0.6
0.0
0.0
0.0
0.0
0.2
0.0
0.0
0.0
3.4
0.0
12.0
2.8
0.2
0.0
0.0
0.0
0.0
2.2
0.0
1.2
0.0
3.0
0.8
0.0
0.2
0.0
0.0
0.0
25.4
0.4
0.4
0.8
0.2
0.0
0.0
0.0
0.0
0.0
0.0
0.0
0.0
0.0
0.0
0.0
0.0
0.0
0.0
0.0
0.0
0.0
0.4
2.2
3.2
3.2
0.0
0.2
0.0
0.4
0.0
0.2
0.0
0.0
0.0
6.2
0.0
0.2
0.2
2.6
0.2
0.0
1.0
2.0
1.8
5.0
0.0
0.2
0.0
0.0
0.0
0.0
0.0
0.0
0.6
0.2
28.0
3.4
2.0
0.0
0.0
0.0
0.0
3.4
0.0
0.0
0.0
0.2
0.0
1.6
0.0
10.2
0.0
0.0
0.0
0.0
0.4
0.0
9.0
3.4
14.4
0.0
1.0
0.6
0.2
8.0
4.6
0.0
0.0
0.0
0.0
0.0
20.0
0.0
0.0
0.0
0.0
0.0
0.0
0.0
0.0
0.0
0.0
0.0
0.0
7.0
17.2
7.0
7.8
8.4
0.0
5.4
0.0
0.0
0.0
0.0
0.0
0.0
0.0
0.0
0.0
0.0
0.0
0.0
0.8
0.2
0.0
0.0
0.0
0.0
0.0
0.0
0.0
13.6
0.4
0.2
2.0
0.0
0.0
0.0
0.0
10.2
0.0
0.0
0.0
0.0
0.0
5.8
0.2
0.0
0.0
20.6
2.6
0.6
7.0
7.4
0.0
0.0
0.0
0.0
-9999.0
0.0
0.0
0.0
0.0
0.0
0.0
0.0
0.0
0.0
0.0
0.0
0.0
0.0
1.0
0.0
0.0
0.0
0.0
0.0
0.2
2.2
0.0
0.0
0.0
0.0
0.0
0.0
0.2
0.2
0.0
0.0
0.0
0.0
0.0
1.2
0.2
0.0
0.0
0.0
4.4
0.0
0.0
0.0
0.0
0.0
0.0
0.0
0.0
0.0
0.0
0.0
0.0
0.0
0.0
0.0
0.0
0.0
0.0
0.0
0.0
0.0
0.0
0.0
0.0
0.0
0.0
0.0
0.0
0.0
0.0
0.0
0.0
0.0
0.0
0.0
0.0
0.0
0.0
0.0
0.0
0.0
0.0
0.0
0.0
0.0
0.0
0.0
0.4
0.0
0.0
0.0
0.0
0.0
0.0
0.0
0.0
0.0
10.8
0.0
0.0
0.0
0.0
0.0
0.0
0.0
0.0
0.0
0.0
0.0
0.0
0.0
0.0
0.0
0.0
0.0
0.0
0.0
0.0
0.0
0.0
16.6
0.0
0.4
0.2
9.2
0.2
0.0
0.0
0.0
0.0
0.0
0.0
0.2
0.0
0.0
0.0
0.0
0.0
0.0
0.0
0.0
0.0
0.0
0.0
0.0
0.0
0.0
0.0
0.0
0.0
0.0
0.0
0.0
0.0
0.0
0.0
0.0
0.0
0.2
2.6
2.8
6.6
1.0
0.0
6.4
0.0
9.2
0.0
0.0
0.0
0.0
0.0
0.0
0.4
9.0
12.6
0.0
0.0
2.4
7.6
2.6
0.0
0.0
0.0
0.0
0.0
0.0
1.4
17.0
0.0
0.0
0.0
0.0
0.0
0.0
0.0
0.0
4.2
0.2
0.0
0.0
0.0
0.0
0.0
0.8
0.0
0.2
2.4
0.0
1.0
2.0
0.0
0.2
0.0
0.0
0.0
0.0
0.0
0.0
0.0
0.0
0.0
0.0
0.0
2.4
5.2
0.0
0.2
0.0
0.0
0.0
0.0
0.0
0.0
0.0
0.0
0.0
0.0
0.0
0.0
0.0
0.0
0.2
0.0
0.0
0.0
0.0
0.0
0.0
0.0
0.0
0.0
0.0
0.0
0.0
1.0
0.4
0.0
4.0
7.4
1.2
0.0
4.0
4.0
0.0
0.0
0.0
0.4
3.0
0.0
0.0
2.0
15.0
1.8
1.0
0.0
0.2
0.0
0.2
0.0
0.0
4.4
0.0
4.2
0.4
0.2
1.4
0.4
0.0
0.0
0.0
0.0
0.0
0.0
0.0
0.0
0.0
0.0
0.2
2.2
0.0
0.0
0.0
0.0
0.0
0.0
0.0
0.0
0.0
0.0
0.0
0.0
0.0
0.0
0.0
0.0
0.0
0.0
1.6
0.6
0.2
0.0
0.0
2.2
0.2
2.2
0.6
5.2
0.8
3.6
0.0
0.0
3.2
1.8
11.0
7.6
0.0
0.2
2.0
0.0
0.0
0.0
0.0
0.0
0.0
0.0
0.0
0.0
3.4
0.6
0.0
0.0
0.0
0.0
2.4
29.4
0.6
6.0
2.8
0.0
0.0
0.0
0.0
0.0
0.0
0.0
0.0
0.0
0.0
0.0
0.0
0.0
0.0
0.0
0.0
10.0
0.0
1.0
0.6
0.0
0.0
0.0
0.0
0.0
0.0
0.0
0.0
0.0
0.0
0.0
0.0
0.0
0.0
0.0
0.0
0.0
0.0
0.0
0.0
0.0
0.0
0.0
0.0
0.0
0.0
0.0
0.0
0.0
0.0
0.0
0.0
0.0
0.0
0.0
0.0
0.0
0.0
0.0
0.0
0.0
0.0
0.0
0.0
0.0
0.0
0.0
0.0
0.0
0.0
0.0
0.0
0.0
0.0
0.0
0.0
0.0
0.0
0.0
0.0
0.0
0.0
0.0
0.0
0.0
0.0
0.0
0.0
0.0
0.0
0.0
0.0
0.0
0.0
0.0
0.0
0.0
0.0
0.0
0.0
0.0
0.0
0.0
0.0
0.0
0.0
0.0
0.0
0.0
0.0
0.0
0.0
0.0
0.0
0.0
0.0
0.0
0.0
0.0
0.0
0.0
0.0
0.0
0.0
0.0
0.0
0.0
0.8
0.0
0.0
4.8
0.0
0.0
0.0
0.0
0.0
0.0
8.2
12.8
0.0
3.0
0.0
0.0
0.0
0.0
7.8
0.0
0.0
0.0
6.0
0.2
0.0
0.0
0.0
0.0
0.0
0.0
0.0
0.0
0.0
0.0
0.2
27.6
0.0
0.0
0.0
0.0
0.0
0.0
0.0
0.0
2.4
0.0
0.0
16.0
0.0
0.0
0.0
0.0
0.0
0.0
0.0
0.0
0.0
0.0
0.0
0.0
0.0
0.0
0.0
0.0
0.0
0.0
0.0
0.0
0.0
0.0
0.0
17.0
0.6
4.6
0.0
0.0
0.0
0.0
-9999.0
-9999.0
0.0
-9999.0
0.0
0.0
0.0
0.0
0.0
0.0
0.0
0.0
0.2
0.0
0.0
0.0
0.0
0.0
0.0
0.0
0.0
0.0
0.0
-9999.0
2.6
1.2
0.0
0.0
0.0
9.2
0.0
-9999.0
0.0
0.2
0.0
0.0
9.6
10.6
0.2
0.0
0.0
0.0
0.2
0.0
0.0
2.0
0.0
5.4
5.6
1.6
2.0
0.0
0.0
0.0
0.0
0.0
0.0
0.0
0.0
0.0
0.0
0.0
0.0
0.0
0.0
0.0
0.0
0.0
1.0
0.2
0.0
0.0
0.0
0.0
0.0
0.0
0.0
0.0
0.0
0.0
0.0
0.0
0.8
0.0
17.2
0.8
0.4
0.0
12.0
1.8
0.0
0.2
0.0
1.2
0.0
0.0
0.0
0.0
0.0
0.0
0.0
0.0
0.0
0.0
1.6
0.0
0.0
0.0
0.0
0.0
0.0
0.0
0.0
-9999.0
9.4
0.0
4.2
0.0
0.0
0.0
0.0
0.0
0.0
0.0
1.6
0.0
0.0
0.0
0.0
0.0
0.0
0.0
0.0
14.2
17.8
1.6
0.4
0.0
0.0
0.0
0.0
4.6
9.8
0.4
10.2
16.4
0.4
0.0
0.0
0.0
0.0
0.0
0.0
0.0
-9999.0
-9999.0
-9999.0
-9999.0
-9999.0
-9999.0
-9999.0
-9999.0
-9999.0
22.2
7.4
11.2
2.0
0.0
0.0
0.0
0.0
0.0
0.0
1.2
0.0
0.0
0.0
0.0
0.4
0.0
1.0
0.0
2.8
0.0
0.0
18.6
0.0
0.0
0.0
0.0
0.0
0.0
0.0
0.0
6.2
0.0
0.2
0.0
0.0
0.0
0.0
0.0
0.0
0.0
0.0
0.0
0.0
0.0
0.0
0.0
0.0
0.0
0.0
0.0
0.0
0.0
11.2
0.0
0.0
0.0
0.0
0.0
0.0
0.0
0.0
0.0
0.0
0.0
0.0
0.0
0.6
0.0
0.0
0.0
0.0
0.0
0.0
0.0
0.0
0.0
0.0
0.0
0.0
0.0
0.0
0.0
0.0
0.0
0.0
0.0
0.0
0.0
0.0
0.0
0.0
0.0
0.0
0.0
0.0
0.0
0.0
0.0
0.0
0.0
0.0
0.0
0.0
0.0
0.0
0.0
0.0
0.0
0.0
0.0
0.0
0.0
0.0
0.0
0.0
0.0
0.0
0.0
0.0
0.0
0.0
0.0
0.0
3.6
0.2
0.0
0.0
0.0
0.0
0.0
0.0
0.0
0.0
0.0
0.0
0.4
5.0
5.8
0.0
0.6
0.4
2.2
1.0
0.0
0.0
0.0
0.0
0.0
0.0
0.0
0.0
0.4
0.0
0.0
0.0
0.0
0.0
23.2
0.6
0.0
0.0
0.0
4.8
0.8
0.2
0.0
3.8
0.0
0.0
0.0
0.0
0.0
2.0
0.0
12.4
40.8
18.6
0.0
1.4
8.0
0.0
0.0
0.0
0.0
0.0
0.0
0.0
0.0
0.0
0.0
0.0
0.0
0.0
0.0
0.0
0.0
0.0
0.0
0.0
0.0
0.0
0.0
0.0
16.8
12.4
3.0
2.0
0.0
6.0
0.0
1.0
0.0
8.0
4.6
1.0
0.0
0.0
0.0
19.4
7.2
0.0
0.0
0.2
0.0
0.0
0.0
0.0
0.0
0.0
0.0
0.0
0.0
1.6
7.4
0.0
0.2
0.0
2.8
11.2
9.4
0.0
0.2
0.0
0.0
2.6
0.0
0.2
0.0
0.0
1.0
0.2
0.0
0.0
0.0
0.2
7.8
0.4
0.0
3.6
3.8
0.0
7.6
3.4
0.4
0.2
0.0
2.2
0.0
-9999.0
-9999.0
-9999.0
-9999.0
-9999.0
-9999.0
-9999.0
-9999.0
-9999.0
-9999.0
-9999.0
-9999.0
-9999.0
-9999.0
-9999.0
-9999.0
-9999.0
-9999.0
-9999.0
-9999.0
-9999.0
-9999.0
-9999.0
-9999.0
-9999.0
0.0
0.8
2.2
0.4
19.8
16.8
11.6
3.4
0.2
0.0
0.0
0.0
0.0
0.0
0.0
0.0
0.0
0.0
0.0
0.0
0.0
0.0
0.0
0.0
0.0
0.0
0.0
0.0
0.0
0.0
2.2
0.0
0.0
2.6
0.0
0.0
0.0
0.0
0.0
0.2
1.6
0.0
0.0
1.0
0.6
0.0
0.0
3.0
2.8
0.2
2.4
30.8
0.0
0.0
0.0
0.0
0.0
0.0
0.0
8.0
0.0
0.0
0.0
0.0
0.0
0.0
0.0
0.0
0.0
0.0
0.0
0.0
2.8
0.0
0.0
0.0
0.0
0.0
0.0
0.0
0.0
0.0
0.0
0.0
0.0
0.0
0.0
0.0
0.0
0.0
0.0
0.0
0.0
3.8
0.0
0.0
0.0
0.0
0.0
0.0
0.2
0.0
0.0
0.0
0.0
0.0
0.0
0.0
0.0
5.4
0.0
0.0
0.0
0.0
0.0
0.0
0.0
0.0
0.0
0.0
0.0
0.0
0.0
0.0
0.0
0.0
0.0
0.0
0.0
0.0
0.0
0.0
0.0
0.0
0.0
0.0
0.0
0.0
0.0
0.0
0.0
0.0
0.0
0.0
0.0
0.2
0.0
0.0
0.0
0.0
0.0
0.0
0.0
0.0
0.0
0.0
0.0
0.0
0.0
0.0
0.0
0.0
0.0
0.0
0.0
0.2
0.0
0.0
0.0
0.0
0.0
0.0
0.0
0.0
0.0
0.0
0.0
0.0
0.0
0.0
0.0
0.0
0.0
0.0
0.0
0.0
0.0
0.0
0.0
0.0
0.0
0.0
0.0
0.0
0.0
0.0
0.0
0.0
0.0
6.8
0.0
0.0
0.6
3.2
0.2
0.0
0.0
0.0
0.0
0.0
0.0
0.0
0.0
1.4
0.0
1.8
7.0
0.0
0.0
0.0
0.0
0.0
0.0
0.0
0.0
0.0
0.0
0.0
0.0
0.0
0.0
0.0
0.0
0.0
0.0
0.0
20.4
8.4
3.2
0.0
0.0
0.0
0.0
0.0
0.0
0.0
0.0
0.0
0.0
0.0
0.0
0.0
0.0
0.0
0.0
0.0
0.0
0.0
0.0
0.0
0.0
0.0
0.0
0.0
0.0
0.0
0.0
0.0
0.0
0.0
0.0
0.0
-9999.0
-9999.0
-9999.0
-9999.0
-9999.0
0.0
0.0
2.8
0.0
0.0
0.2
0.2
0.0
0.2
0.0
0.2
0.0
0.2
0.0
0.0
0.2
2.2
0.0
49.0
1.8
4.8
32.6
9.2
25.4
35.6
38.6
12.0
0.0
11.6
3.6
12.0
9.8
0.0
0.0
3.4
0.0
-9999.0
-9999.0
-9999.0
-9999.0
0.6
9.2
1.4
21.0
13.0
0.0
-9999.0
-9999.0
-9999.0
-9999.0
-9999.0
-9999.0
-9999.0
-9999.0
0.2
0.0
0.4
0.2
0.0
-9999.0
-9999.0
-9999.0
-9999.0
0.0
0.2
6.0
11.4
0.0
0.0
2.4
25.6
0.2
9.4
0.6
20.0
10.4
8.2
3.6
9.6
3.0
22.4
0.8
4.4
1.6
18.0
1.4
0.0
13.0
2.2
0.0
2.2
0.0
15.4
7.2
0.0
0.2
2.0
18.2
13.4
0.0
0.0
4.8
0.0
0.0
0.0
0.2
0.0
0.0
0.0
0.0
8.6
2.6
0.0
0.0
0.2
0.0
0.0
0.0
0.0
1.6
0.2
0.0
0.0
0.0
0.0
0.0
0.0
0.0
0.0
0.0
0.0
0.0
0.0
0.0
0.0
0.0
17.8
9.0
1.2
0.6
0.0
0.0
3.8
0.6
0.0
0.2
0.0
0.0
0.0
0.0
0.0
0.0
0.0
0.0
0.0
0.0
0.0
0.0
0.0
0.0
2.8
1.6
3.6
0.0
0.8
0.4
0.0
0.0
0.0
0.0
0.0
0.0
0.0
0.0
0.0
0.0
0.0
0.0
0.0
3.2
0.0
0.0
0.0
0.0
0.0
0.0
0.0
0.0
0.0
0.0
0.0
9.0
0.0
0.0
0.0
0.4
6.6
1.0
0.0
0.0
0.0
0.0
0.0
0.0
0.0
0.0
0.0
0.0
0.0
0.0
0.0
0.0
0.0
0.0
0.0
0.0
0.0
0.0
0.0
0.0
0.2
0.0
0.0
0.0
0.0
0.0
0.0
0.0
0.0
0.0
0.0
0.0
0.0
0.0
0.0
0.0
0.0
0.0
0.0
0.0
0.0
0.0
0.0
0.0
0.0
0.0
0.0
0.0
0.0
0.0
0.0
0.0
0.0
0.0
0.0
-9999.0
-9999.0
-9999.0
-9999.0
2.8
0.0
7.0
0.0
0.0
0.0
0.0
0.0
0.0
0.0
0.0
0.0
0.0
0.0
0.0
0.0
0.0
0.0
0.0
0.0
0.0
0.0
0.0
0.0
0.0
0.0
0.0
0.0
0.0
0.0
0.0
3.0
7.2
0.0
1.4
0.8
0.0
0.0
1.8
0.0
0.0
0.0
0.0
0.0
0.0
0.0
0.0
0.0
1.2
0.0
0.0
0.0
0.0
0.0
16.8
0.0
0.0
1.0
0.0
0.0
0.0
0.0
0.0
0.0
0.0
0.0
0.0
0.0
0.0
0.0
0.0
0.0
0.0
0.0
0.4
12.6
0.6
0.0
0.2
0.0
0.0
0.0
0.0
0.0
3.4
5.4
0.0
0.0
0.2
0.0
1.4
0.2
0.0
0.8
0.0
0.0
0.6
1.0
0.0
2.8
4.2
0.0
5.2
22.2
4.8
9.6
6.0
5.2
2.2
0.8
0.0
11.8
6.8
6.0
0.0
0.0
0.0
0.0
0.0
0.0
0.0
0.0
0.0
0.4
28.6
5.4
26.0
15.6
9.8
3.0
0.0
0.8
0.0
0.2
0.0
0.0
12.6
6.4
0.8
0.0
0.0
0.0
0.0
0.0
7.4
7.2
1.8
0.0
0.2
0.0
0.2
0.0
0.0
0.0
0.0
0.0
0.0
0.0
0.0
0.0
0.2
0.0
0.2
13.0
2.2
4.6
0.6
0.0
0.0
0.2
0.0
0.0
0.0
0.0
0.0
0.0
0.0
0.0
0.0
0.0
0.0
7.4
3.8
17.4
10.2
3.4
0.0
6.0
0.0
0.0
0.0
0.0
0.0
0.0
0.0
0.0
0.0
0.0
0.0
0.0
2.6
0.2
0.0
0.0
13.0
6.0
0.0
18.2
3.8
0.0
4.0
0.0
0.0
0.0
0.0
0.0
0.0
0.0
0.0
0.2
0.0
0.0
0.0
0.0
0.0
0.0
0.0
0.0
0.0
0.0
6.8
0.0
0.0
0.0
0.0
0.0
0.0
0.0
0.0
0.0
0.0
0.0
0.0
0.0
0.0
1.2
0.4
0.0
6.4
2.8
0.8
1.8
4.8
0.4
0.0
2.4
18.6
0.6
13.8
15.0
0.6
0.0
0.0
12.4
4.2
0.0
0.0
0.0
0.2
0.0
0.0
0.0
0.0
0.0
0.0
0.2
1.8
0.0
0.0
0.0
0.0
0.0
0.0
0.6
0.4
0.0
0.0
0.0
0.0
3.8
0.0
0.2
0.0
0.0
21.8
4.2
0.0
0.0
0.0
0.0
0.0
0.0
0.0
0.0
0.0
0.0
0.0
0.0
0.0
0.0
0.0
0.0
0.0
0.0
0.0
0.0
0.0
0.0
0.0
0.0
0.0
0.0
0.0
0.0
0.0
0.0
0.0
0.0
0.0
0.0
0.0
0.0
0.0
0.0
0.0
0.0
0.0
0.0
0.0
0.0
0.0
0.0
0.0
0.0
0.0
0.0
0.0
0.0
0.0
0.0
0.0
0.0
0.0
0.0
0.0
0.0
0.0
0.0
0.0
0.0
0.0
0.0
0.0
0.0
0.0
0.0
0.0
0.0
0.0
0.0
0.0
0.0
0.0
0.0
0.0
0.0
0.0
0.0
0.0
0.0
0.0
0.0
0.0
0.0
0.0
0.0
0.0
0.0
0.0
0.0
0.0
0.0
0.0
0.0
0.0
0.0
0.0
0.0
0.0
0.0
0.0
0.0
0.0
0.0
0.0
0.0
0.0
0.0
0.0
0.0
0.0
0.0
0.0
0.0
0.0
0.0
0.0
0.0
0.0
0.0
0.0
0.0
0.0
0.0
0.0
0.0
0.0
0.0
0.0
0.0
0.0
0.0
2.4
0.2
30.0
0.0
10.8
1.8
0.0
0.0
0.0
0.0
0.0
25.4
21.2
19.0
0.2
0.0
0.0
0.0
0.0
0.0
0.0
0.0
0.0
2.0
0.4
0.0
0.0
0.4
16.6
1.0
5.0
1.8
0.0
0.0
0.0
0.0
0.0
0.0
0.0
0.0
0.0
2.2
0.0
0.2
0.0
0.2
0.0
0.0
0.0
3.8
0.2
0.0
0.2
0.2
0.0
0.4
0.0
0.0
0.0
0.0
0.0
0.0
0.2
0.0
0.0
0.0
0.0
0.0
0.0
0.0
0.0
0.0
0.0
0.0
0.0
0.0
0.0
0.0
0.0
0.0
0.0
0.0
0.0
0.0
0.0
6.6
12.0
0.0
0.2
0.0
0.0
0.0
0.0
0.2
0.0
0.2
0.0
2.8
0.2
0.0
0.0
0.0
0.8
1.8
0.0
0.0
0.0
0.0
0.0
0.0
0.0
0.0
0.0
0.0
0.0
0.0
0.0
0.0
0.0
0.0
0.0
0.0
0.0
0.0
0.0
0.0
0.0
0.0
0.0
0.0
0.0
5.8
0.4
0.0
0.0
0.0
0.0
0.0
0.0
0.0
0.0
0.0
0.0
0.0
0.0
0.0
0.0
0.0
0.0
1.8
0.2
0.0
0.0
0.0
0.4
0.0
0.0
0.0
0.0
0.0
0.0
0.0
0.0
0.0
5.0
0.4
3.0
0.2
0.0
0.0
0.0
0.0
0.0
2.0
0.6
11.2
4.0
0.0
0.0
0.2
0.8
0.0
0.0
0.0
0.0
0.0
0.0
0.0
3.6
14.0
10.6
4.8
0.0
0.0
2.8
1.6
19.0
0.0
0.0
0.0
0.0
0.0
0.0
0.0
0.0
0.0
0.0
0.0
0.0
0.0
0.0
9.8
0.0
0.0
0.0
0.0
0.0
0.0
0.0
0.0
0.0
0.0
0.0
0.0
0.0
0.0
0.0
0.0
0.0
0.0
0.0
0.0
0.0
0.0
0.0
0.0
0.0
0.0
0.0
0.0
0.2
0.0
0.0
0.0
0.0
0.0
0.0
0.0
0.0
0.0
0.0
0.0
0.0
0.0
0.0
0.0
0.0
0.0
0.0
0.0
0.0
0.0
0.0
0.0
0.0
0.0
0.0
0.0
0.0
0.0
0.0
0.0
0.0
0.0
0.0
0.0
0.0
0.0
0.0
0.0
0.0
0.0
0.0
0.0
0.0
0.0
0.0
0.0
0.0
0.0
0.0
0.0
0.0
0.0
0.0
0.0
0.0
0.0
0.0
0.0
0.0
0.0
0.0
0.0
0.0
0.0
0.0
0.0
0.0
0.0
0.0
0.0
0.0
0.0
0.0
0.0
0.0
0.0
0.0
0.0
0.0
0.0
0.0
0.0
0.0
0.0
0.0
0.0
0.0
0.0
0.0
0.0
0.0
0.0
0.0
0.0
0.0
0.0
0.0
0.0
6.6
7.8
42.8
6.6
0.2
0.0
0.0
0.0
0.0
0.0
0.0
0.0
0.0
0.0
0.0
0.0
0.0
0.0
1.8
0.2
0.0
0.0
13.0
1.8
18.0
0.0
0.0
0.2
7.0
60.8
5.0
1.2
0.0
0.0
21.4
0.0
0.0
8.0
10.6
11.2
15.8
9.4
7.6
17.8
26.4
6.4
6.0
0.0
0.0
0.0
0.0
3.6
41.2
7.0
0.2
0.0
0.0
0.0
0.0
0.0
0.2
3.6
2.8
0.0
0.2
0.0
0.2
0.0
0.0
0.4
0.2
3.0
7.2
0.0
0.0
0.0
0.2
0.0
0.0
0.8
2.6
0.0
0.0
0.0
0.2
0.2
0.0
0.0
0.0
0.0
4.8
0.0
0.2
0.0
0.2
0.0
1.2
0.6
0.0
0.0
0.2
0.0
0.2
0.0
0.2
0.2
0.0
0.0
2.4
3.8
0.0
0.2
9.2
1.4
3.0
25.0
10.4
0.0
10.6
4.8
1.6
3.0
0.0
1.4
0.0
0.2
0.0
0.2
0.0
0.0
0.0
0.0
0.0
0.0
0.0
0.0
0.0
1.6
2.0
0.0
0.0
0.0
0.0
0.2
0.2
0.4
3.2
0.2
11.6
21.8
1.4
0.2
0.0
0.0
5.6
10.0
0.0
0.2
0.0
1.2
18.6
10.0
24.0
13.6
5.8
9.6
9.2
15.4
0.0
0.0
0.0
0.6
8.8
0.0
32.6
0.0
0.0
0.2
7.4
10.6
0.6
2.4
3.8
0.0
8.6
0.0
19.8
5.0
0.0
8.8
0.2
4.6
0.0
0.0
0.0
0.0
0.0
0.0
0.0
0.0
0.0
0.0
0.0
0.0
0.0
0.0
0.0
0.0
-9999.0
-9999.0
0.0
-9999.0
-9999.0
-9999.0
-9999.0
-9999.0
-9999.0
-9999.0
-9999.0
-9999.0
0.2
0.0
0.0
0.0
0.0
-9999.0
0.0
-9999.0
0.0
0.0
0.2
2.2
2.6
10.2
1.8
0.0
5.8
0.4
0.0
0.0
0.0
0.0
0.0
0.0
0.0
0.0
0.0
0.0
-9999.0
-9999.0
-9999.0
0.0
0.0
0.0
0.0
0.0
0.0
0.0
0.0
0.0
0.0
0.0
0.0
0.0
0.0
0.0
0.0
0.0
0.0
0.0
0.0
0.0
0.0
0.0
0.0
0.0
0.0
0.0
0.0
0.0
0.0
0.0
0.0
0.0
0.0
0.0
0.0
0.0
0.0
0.0
0.0
0.0
0.0
0.0
0.0
0.0
0.0
0.0
0.0
0.0
0.0
0.0
0.0
0.0
0.0
0.0
0.0
0.0
0.0
0.4
0.0
0.0
0.0
0.0
0.0
0.0
0.0
0.0
0.0
0.0
0.0
0.0
0.0
0.0
0.0
0.0
0.0
0.0
0.0
0.0
0.0
0.0
0.0
0.0
0.0
0.0
0.4
1.8
0.0
0.0
0.0
0.0
0.0
0.0
0.0
0.0
14.2
0.0
2.6
0.0
0.0
0.0
0.0
0.0
0.0
0.0
0.0
0.0
0.2
0.0
0.0
0.0
0.0
0.0
0.0
0.0
8.8
0.6
2.4
0.4
0.0
0.0
0.8
0.8
0.0
0.0
0.0
0.0
0.0
0.0
0.0
0.0
0.0
0.0
0.0
0.0
0.0
0.0
0.0
0.0
0.0
4.2
0.0
0.0
0.2
0.0
0.0
0.0
0.0
0.0
0.0
0.0
0.0
0.0
2.6
0.0
0.0
0.0
0.0
0.0
0.0
0.0
0.0
2.0
0.0
0.0
0.0
4.6
0.0
0.0
0.0
0.0
1.2
0.0
0.0
0.0
0.0
0.0
0.0
0.0
0.0
0.0
0.0
0.0
0.0
0.0
0.0
0.0
0.0
0.0
0.0
0.0
0.0
0.0
0.0
0.0
0.0
0.6
0.8
12.2
0.0
0.2
0.0
0.2
29.4
36.4
0.0
1.0
3.6
0.0
0.0
0.0
0.4
2.8
3.8
1.4
0.0
0.0
0.0
0.0
0.0
1.0
0.0
0.2
5.8
8.8
0.6
3.4
16.6
16.8
3.8
0.0
8.4
2.6
0.0
0.0
0.0
0.0
0.6
6.2
3.0
1.6
2.2
0.4
0.0
1.2
3.8
0.0
6.4
0.0
7.8
22.8
0.0
11.6
5.8
2.4
0.2
4.0
0.0
0.0
3.4
0.0
0.2
0.8
0.0
2.8
7.4
0.2
0.0
0.0
0.0
16.0
5.6
0.0
0.0
0.4
0.0
0.0
0.0
0.0
0.0
0.0
0.0
0.0
0.0
0.0
0.0
0.0
0.0
0.2
0.0
0.0
0.0
0.0
0.0
0.6
0.0
0.0
0.0
3.2
0.0
0.0
1.2
13.8
1.6
0.0
0.2
0.0
0.0
0.0
0.0
0.0
0.0
0.0
0.0
0.0
0.0
0.0
0.0
0.0
0.0
7.0
10.0
0.0
0.0
0.0
0.0
0.0
0.0
0.0
0.0
0.0
0.0
0.0
0.0
0.0
0.0
0.0
0.0
0.0
0.0
0.0
0.0
0.0
0.0
0.0
0.0
0.0
0.0
0.0
0.0
0.0
0.2
0.0
0.0
0.0
0.0
0.0
0.0
0.0
0.0
0.0
2.8
3.6
0.0
0.0
0.0
0.0
0.0
0.0
0.0
0.0
0.0
0.0
0.0
2.8
0.0
0.0
1.0
0.2
0.0
0.0
0.0
0.0
0.0
0.0
2.4
0.0
0.0
0.0
0.0
0.0
0.0
0.0
0.0
0.0
0.0
0.0
0.0
0.0
0.0
0.0
0.0
0.0
0.0
0.0
0.0
0.0
0.0
0.0
0.0
0.0
0.0
0.0
0.0
0.0
0.0
0.0
0.0
0.0
0.0
0.0
0.0
0.0
0.0
0.0
0.0
0.0
0.0
0.0
0.0
0.0
0.0
0.0
0.0
0.0
0.0
0.0
0.0
0.0
0.0
0.0
0.0
0.0
0.0
0.0
0.0
0.0
0.0
0.0
0.0
0.0
0.0
0.0
0.0
0.0
0.0
0.0
0.0
0.0
0.0
0.0
0.0
0.0
0.0
0.0
0.0
0.0
0.0
0.0
0.0
0.2
0.0
0.0
0.0
0.0
0.0
0.0
0.2
0.0
8.6
1.2
6.6
0.8
0.0
0.0
13.2
0.2
0.0
0.0
0.0
0.0
0.0
0.0
1.8
10.0
14.0
23.8
0.0
0.0
0.0
0.0
0.0
0.0
0.0
0.0
0.0
0.0
0.0
0.0
0.0
0.0
0.0
0.0
0.0
0.0
0.0
0.0
16.8
3.6
0.0
0.0
3.2
7.0
0.0
3.2
20.6
0.0
6.8
19.2
0.0
0.0
0.0
0.0
0.0
0.0
0.0
0.0
0.0
-9999.0
-9999.0
-9999.0
-9999.0
-9999.0
-9999.0
0.0
0.0
0.0
0.0
0.4
0.0
0.0
0.0
0.0
0.2
0.0
0.0
0.0
-9999.0
-9999.0
-9999.0
0.2
0.0
0.0
0.2
0.0
0.0
0.2
0.0
0.0
0.0
0.2
0.0
3.2
0.0
0.0
0.0
0.0
0.0
0.0
0.0
0.0
0.0
0.0
-9999.0
0.0
0.0
0.0
0.0
0.0
0.0
6.0
0.0
0.0
26.2
0.4
5.0
0.8
0.0
0.0
0.0
0.0
0.0
0.0
0.0
3.8
5.0
6.0
0.0
5.0
3.2
1.2
0.2
0.0
0.0
0.0
0.0
0.0
4.8
0.8
0.2
2.4
0.4
0.2
0.2
0.0
0.0
0.0
0.8
0.0
0.0
0.0
0.0
0.0
0.0
0.0
0.0
0.0
0.0
-9999.0
-9999.0
0.0
0.0
0.0
0.0
0.0
0.0
0.0
0.0
0.0
0.0
0.0
1.4