25 1 2001
602 
2.8
5.6
8.2
2.6
0.0
0.0
0.0
0.0
0.0
0.0
0.0
0.0
0.0
1.2
4.2
0.0
0.0
0.0
0.0
0.0
8.4
0.4
0.4
0.0
0.0
0.0
0.0
0.0
0.2
0.4
3.4
0.0
0.2
10.0
1.0
4.0
15.2
3.0
0.4
0.0
0.0
2.4
5.0
0.0
0.0
0.0
0.0
0.0
0.0
0.0
0.0
0.0
0.0
0.0
0.0
0.0
0.0
0.0
0.0
1.4
4.6
0.0
0.0
0.0
0.0
0.0
0.0
0.0
0.0
0.0
0.0
0.0
0.0
0.0
0.0
0.0
0.6
0.0
0.0
0.0
0.0
0.0
0.2
0.0
0.4
0.0
0.0
0.0
0.0
0.0
0.0
0.0
0.0
0.0
0.0
0.8
0.0
1.0
4.6
1.0
0.0
7.2
0.0
0.0
0.0
0.0
0.0
0.0
0.0
0.0
0.0
0.0
0.0
9.2
24.8
4.4
0.2
0.2
0.0
0.0
0.0
0.0
0.0
0.0
0.0
0.0
0.0
0.0
0.0
0.0
0.0
0.0
0.0
0.0
0.0
0.0
0.0
16.4
0.0
0.0
0.0
0.0
0.0
0.0
0.0
0.0
0.0
0.0
0.0
0.0
0.0
0.0
0.0
0.0
0.0
0.0
0.0
0.0
0.0
0.0
0.0
0.0
0.0
0.0
0.0
0.0
0.0
0.0
0.0
0.0
0.0
0.0
0.0
0.0
0.0
0.0
0.0
0.0
0.0
0.0
0.0
0.0
0.0
0.0
0.0
0.8
1.8
0.0
0.0
0.0
0.0
0.0
0.0
0.0
0.0
0.0
0.0
0.0
0.0
0.0
0.0
0.2
0.0
0.0
0.0
0.0
0.0
0.0
0.0
0.0
0.0
0.0
0.0
0.0
0.0
0.0
0.0
0.0
0.0
0.0
0.0
0.0
0.0
0.0
0.0
0.0
0.0
0.0
0.0
0.0
0.0
0.0
0.0
0.0
0.0
0.0
0.0
1.2
1.2
0.6
45.4
0.0
0.0
0.0
0.0
0.0
2.6
1.4
0.0
0.0
0.0
0.4
0.0
0.0
2.2
0.0
0.0
0.6
6.0
48.4
29.0
0.0
0.0
0.2
0.6
0.0
0.0
12.8
1.6
0.2
0.0
0.0
0.0
0.0
0.4
0.0
0.0
0.0
0.0
0.0
0.0
0.0
0.0
3.6
9.2
0.2
0.2
0.0
16.0
0.0
0.0
0.0
0.0
0.4
1.2
0.0
0.0
0.0
0.0
0.2
2.2
0.4
0.2
0.0
0.0
0.0
0.0
0.0
0.0
0.0
0.0
0.0
0.0
0.2
0.0
0.0
0.0
0.0
0.0
1.2
2.0
1.6
0.0
5.6
7.6
0.0
1.6
0.2
0.0
0.0
0.0
2.0
3.4
4.0
0.2
0.0
0.0
0.2
0.0
0.6
3.0
0.8
0.0
2.4
0.0
0.0
0.2
0.0
0.2
0.0
0.2
0.0
0.2
0.0
0.0
0.0
0.0
0.4
0.0
0.0
0.2
0.2
0.0
0.2
0.0
0.0
0.0
0.0
0.0
0.0
0.0
0.0
0.0
0.0
0.0
0.0
0.0
0.0
0.0
0.0
0.0
0.0
0.0
0.0
0.0
0.0
0.0
0.0
0.0
0.0
0.0
0.0
0.0
0.0
0.0
0.0
0.0
0.0
0.0
0.0
0.0
0.0
0.0
0.0
0.0
0.0
5.6
0.0
0.0
0.0
0.0
0.0
18.8
13.8
7.0
8.2
0.0
0.0
0.0
0.0
0.0
0.0
0.0
0.0
0.0
0.0
0.0
0.0
0.0
0.0
0.0
9.0
3.8
5.4
0.8
3.0
4.8
7.2
3.0
3.8
0.0
24.6
1.4
0.6
0.0
0.0
0.0
0.0
1.4
0.0
0.0
0.0
0.0
0.2
0.0
0.0
0.0
0.0
0.0
0.0
0.0
0.0
6.0
0.0
0.0
3.0
3.4
7.6
2.6
5.0
0.8
0.0
0.0
0.0
0.0
0.0
0.0
0.0
0.0
0.0
0.0
0.0
0.0
0.0
0.0
0.0
0.0
0.0
0.0
0.0
0.0
0.0
0.0
0.0
0.0
0.4
0.0
0.0
0.0
0.0
0.0
0.0
0.0
0.0
0.0
0.0
0.0
0.0
0.0
0.0
0.0
0.0
0.0
0.0
0.0
0.0
0.2
0.0
0.0
0.0
0.0
25.4
0.0
0.0
0.0
0.0
0.0
0.0
0.0
0.0
0.0
0.0
0.0
0.0
0.0
0.0
0.0
0.0
0.0
0.0
0.0
0.0
0.0
0.0
0.0
0.0
0.0
0.0
0.0
0.0
0.0
0.0
0.0
0.0
0.0
0.0
0.0
0.0
0.0
0.0
0.0
0.0
0.0
0.0
0.0
0.0
0.0
0.0
0.0
0.0
0.0
0.0
0.0
0.0
0.0
0.0
0.0
0.0
0.0
0.0
0.0
0.0
0.0
0.0
0.0
0.0
0.0
0.0
0.0
0.0
0.0
0.0
0.0
0.0
0.0
0.0
0.0
0.0
0.0
0.0
0.0
0.0
0.0
0.0
0.0
0.0
1.4
0.0
0.0
0.0
0.0
0.0
0.0
0.8
9.0
0.2
0.0
0.0
0.0
0.0
0.0
2.0
2.2
0.0
0.0
0.0
0.0
0.0
0.0
1.8
0.0
0.0
0.0
0.0
0.0
0.6
0.0
0.0
0.0
0.0
0.0
0.0
0.0
0.0
0.0
0.0
0.0
0.0
0.0
0.0
0.0
0.0
0.0
0.0
0.0
0.0
0.0
19.4
38.2
5.0
7.4
2.0
0.0
8.8
1.8
2.0
0.8
44.8
10.0
0.2
0.0
6.4
2.8
0.0
0.0
0.0
0.0
0.0
0.0
0.0
0.0
0.0
0.0
0.8
6.8
0.2
0.0
1.2
0.8
0.0
0.2
5.4
15.0
7.6
0.2
0.0
0.0
0.2
0.6
0.0
3.2
16.6
0.0
0.0
0.4
0.0
0.0
0.0
0.2
1.0
2.2
0.2
5.0
5.2
13.0
7.2
1.0
0.0
0.2
0.0
0.2
0.0
0.0
0.0
0.0
8.8
0.2
3.4
0.0
0.0
0.0
0.0
0.0
0.0
0.6
0.2
1.2
0.0
0.0
0.0
0.0
0.0
0.0
4.8
2.2
0.0
0.0
0.0
16.4
0.0
8.0
0.2
0.0
2.8
1.4
7.4
0.0
1.2
0.0
0.0
15.4
16.6
13.8
1.2
0.0
0.0
0.0
0.0
0.0
0.0
0.0
0.0
0.0
0.0
0.0
0.2
0.0
0.0
0.0
0.2
0.0
1.6
3.2
13.6
0.2
0.0
0.0
0.0
0.0
0.0
5.2
15.6
5.2
5.4
0.0
0.0
0.0
0.0
0.0
0.0
0.0
0.0
0.0
0.0
0.0
1.0
2.2
0.0
9.2
2.8
1.8
0.0
0.0
1.6
5.2
2.0
5.2
15.8
0.0
0.0
0.0
0.0
0.0
0.0
0.0
0.0
0.0
0.0
0.0
0.0
0.0
6.0
3.4
1.2
0.0
0.0
0.0
0.0
0.0
0.0
0.0
0.0
0.0
0.0
0.0
0.0
0.0
0.0
0.0
0.0
0.0
0.0
0.0
0.0
0.0
0.0
0.0
0.0
0.0
0.0
0.2
0.0
0.0
0.0
0.0
0.0
0.0
0.0
0.0
0.0
0.0
0.6
0.0
0.0
0.0
0.0
0.0
0.0
0.0
0.0
0.0
0.0
0.0
0.0
0.0
0.0
0.0
0.0
0.0
0.0
0.0
0.0
0.0
0.0
0.0
0.0
0.0
0.0
0.0
0.0
0.0
0.0
0.0
0.0
0.0
0.0
0.0
0.0
0.0
0.0
0.0
0.0
0.0
0.0
0.0
0.0
0.0
0.0
0.0
0.0
0.0
0.0
0.0
0.0
0.0
0.0
0.0
0.0
0.0
0.0
0.0
0.0
1.2
0.0
0.0
0.0
0.0
0.0
0.0
0.0
0.0
0.0
0.0
0.0
0.0
0.0
0.0
0.0
0.0
0.0
0.0
0.0
0.0
0.0
0.0
0.0
0.0
0.0
0.0
0.0
0.0
0.0
0.0
0.0
0.0
0.0
0.0
0.0
0.0
0.0
0.0
0.0
3.4
0.0
0.0
0.0
0.0
0.0
1.8
0.8
0.0
0.0
4.4
0.0
34.8
0.4
0.0
0.0
0.2
5.0
0.0
6.4
9.0
0.0
0.0
0.0
0.0
1.8
0.2
0.2
0.0
0.0
0.0
14.0
2.6
22.4
7.0
1.2
0.0
20.4
0.2
0.0
0.0
0.0
0.0
0.0
0.0
0.0
1.6
3.4
0.2
0.0
0.2
0.0
22.8
2.6
0.0
1.4
0.4
0.0
0.2
24.0
6.4
0.0
0.0
6.2
0.0
0.0
0.0
3.8
0.2
0.0
0.4
6.6
7.2
12.8
0.0
12.4
24.6
0.0
0.0
0.2
0.0
0.0
0.0
0.0
3.6
9.6
0.0
0.0
0.0
0.0
0.0
0.0
0.2
0.0
0.0
2.0
2.4
4.4
0.2
0.0
0.0
0.0
0.0
0.0
0.0
0.0
0.2
0.0
0.0
0.0
0.0
0.0
0.0
0.0
0.2
0.0
0.0
0.0
0.0
0.0
0.0
0.0
0.0
0.0
2.2
8.2
6.2
0.0
0.0
0.0
0.0
0.2
0.2
0.2
0.2
0.2
0.0
0.0
0.0
0.0
0.0
0.0
0.0
0.0
0.0
0.0
0.2
0.0
0.0
5.8
5.4
11.8
0.0
26.0
7.0
8.8
7.8
2.2
1.8
0.0
0.0
0.0
0.0
0.0
0.2
0.0
0.0
0.0
0.0
0.0
0.6
0.0
0.0
3.6
0.4
0.0
0.0
0.0
0.0
0.0
0.0
0.0
0.0
9.6
9.2
16.4
55.4
2.4
1.8
0.0
5.6
0.0
0.0
0.0
0.0
0.0
0.0
14.0
35.0
0.2
0.0
0.0
0.0
0.2
20.0
1.6
1.8
2.6
0.0
0.0
1.2
0.0
0.0
0.0
0.0
0.0
0.0
20.2
0.0
0.0
0.6
51.0
8.0
0.0
11.2
1.4
0.0
0.0
0.0
3.8
2.4
0.6
0.6
0.0
0.0
0.0
0.0
0.2
0.0
0.0
0.2
0.0
0.0
0.4
0.0
6.0
3.8
0.0
0.0
0.0
0.0
0.0
0.0
0.0
0.0
0.0
0.0
0.0
0.0
0.0
0.0
0.0
3.6
1.6
0.2
0.0
0.0
0.0
0.0
0.0
0.0
0.0
0.0
0.0
0.0
0.0
0.0
0.0
0.0
0.0
0.0
0.0
0.0
0.0
0.0
0.0
-9999.0
0.0
-9999.0
-9999.0
-9999.0
-9999.0
0.0
0.0
0.0
0.0
0.0
0.0
0.0
0.0
0.0
0.0
0.0
0.0
0.0
0.0
0.0
0.0
0.0
0.0
0.0
0.0
0.0
0.0
0.0
0.0
0.0
0.0
0.0
0.0
0.0
0.0
0.0
0.0
0.0
0.0
0.0
0.0
0.0
0.0
0.0
0.0
0.0
0.0
0.0
0.0
0.0
0.0
0.0
0.0
0.0
0.0
0.0
0.0
3.2
1.8
0.0
0.0
0.0
0.0
0.0
0.0
0.2
0.2
0.4
0.0
0.0
0.0
0.0
0.0
0.0
0.0
0.0
0.0
0.0
0.0
0.0
0.0
0.0
0.0
0.0
0.0
0.0
0.0
0.0
0.0
0.0
0.0
0.0
0.0
0.0
0.0
0.0
0.0
0.0
0.0
0.0
0.0
0.0
0.0
2.0
0.6
0.0
0.0
0.0
0.0
0.0
4.2
0.0
1.4
2.8
0.4
0.0
0.0
0.0
0.0
0.0
1.6
0.0
0.0
0.0
0.0
0.0
0.0
0.0
0.0
0.0
0.0
0.0
0.0
0.0
0.0
0.0
0.0
0.0
0.0
0.2
0.2
0.2
0.2
0.0
0.0
0.4
20.8
6.4
17.4
28.2
1.0
0.0
0.2
0.0
0.0
0.2
0.0
0.2
0.0
0.0
0.0
0.0
0.0
0.0
0.0
0.0
0.0
0.4
0.0
0.0
0.2
0.6
0.4
1.2
1.4
0.0
0.0
0.0
0.0
0.0
0.0
0.2
0.0
0.2
0.2
0.0
0.0
0.2
0.2
0.0
0.0
0.0
0.2
0.0
0.2
0.0
0.0
0.0
0.0
0.0
0.0
0.0
0.0
0.0
0.0
0.0
0.0
0.2
0.2
0.0
0.0
0.2
0.0
0.0
11.2
13.6
8.4
0.2
0.0
0.2
0.2
0.0
0.0
0.0
0.0
0.0
0.0
0.0
0.0
1.6
0.0
0.0
0.0
5.0
1.4
14.4
7.8
31.4
1.6
8.4
15.0
3.4
0.0
0.0
0.0
0.2
1.6
0.0
0.0
1.0
0.0
0.0
0.0
0.2
0.0
0.4
0.0
0.0
0.0
6.6
0.0
0.0
4.0
0.0
0.0
0.0
0.0
0.0
0.0
0.0
0.0
0.0
0.0
0.0
0.0
3.6
0.0
0.0
0.0
0.0
0.0
0.0
0.0
0.0
0.0
0.0
0.0
0.0
0.0
0.0
0.0
0.0
0.0
0.0
0.0
0.0
0.0
0.0
0.2
2.8
0.0
0.0
0.0
0.0
0.0
0.0
0.0
0.0
0.0
1.6
0.0
0.0
0.0
2.0
0.0
0.0
0.0
0.0
0.0
0.0
0.0
0.0
0.0
0.0
0.0
0.0
0.8
0.6
0.0
0.0
0.0
0.0
0.0
0.0
0.0
0.0
0.0
0.0
0.0
0.0
0.0
0.0
0.0
0.0
0.0
0.0
0.0
0.0
0.0
0.0
0.0
0.0
0.0
0.0
0.0
3.0
0.0
0.0
0.0
0.0
0.0
0.0
0.0
0.0
0.0
0.0
0.0
0.0
0.0
0.0
0.0
0.0
0.0
0.0
0.0
0.0
0.0
0.0
0.0
0.0
0.0
0.0
0.0
0.0
0.0
0.0
0.0
0.0
0.0
0.0
0.0
0.0
0.0
0.0
0.0
0.0
0.0
0.0
0.0
0.0
0.0
0.0
0.0
0.0
0.0
0.0
0.0
0.0
0.4
0.0
0.0
0.0
0.0
0.0
0.0
0.0
0.0
0.0
0.0
0.0
0.0
0.0
0.0
0.0
0.0
0.0
2.0
2.2
0.0
0.0
0.0
0.0
0.0
2.6
0.0
0.0
3.4
0.0
0.0
0.0
0.0
0.0
0.0
0.0
0.0
0.0
2.0
0.0
0.0
0.0
0.0
0.0
0.0
0.0
0.0
0.2
0.0
0.0
0.0
0.0
2.8
4.4
7.4
0.0
0.0
0.0
0.0
3.2
3.2
0.2
0.0
0.0
0.0
0.0
0.0
0.2
0.0
0.0
1.8
0.0
1.2
0.0
0.0
0.0
0.0
0.0
0.0
0.0
0.2
0.0
0.0
0.0
0.0
5.4
3.2
6.6
3.4
0.2
0.0
0.0
0.0
0.0
4.6
0.0
7.4
0.0
5.4
3.6
0.0
0.0
0.0
0.0
0.4
6.4
1.0
0.4
0.0
0.0
0.2
0.0
0.0
0.0
0.0
0.2
0.0
0.2
0.0
0.0
0.0
0.0
0.2
0.0
0.0
0.0
0.0
0.8
4.4
5.2
4.6
0.0
0.0
0.0
0.2
0.0
0.0
0.0
0.0
0.0
8.0
0.0
0.2
0.0
5.4
0.2
0.2
0.2
2.8
0.2
11.6
0.0
0.0
0.0
0.0
0.0
0.0
0.0
0.2
1.6
1.4
24.6
13.4
3.4
0.0
0.0
0.0
0.0
0.8
0.0
0.4
0.2
0.2
0.0
3.0
0.0
5.2
0.2
0.4
0.0
0.0
0.8
0.0
10.6
4.0
7.0
0.0
2.8
1.2
0.0
2.8
3.6
0.0
0.0
0.0
0.0
0.0
14.6
0.0
0.0
0.0
0.0
0.0
0.0
0.0
0.0
0.0
0.0
0.0
0.0
4.0
15.8
3.8
9.6
12.2
0.0
1.2
0.0
0.0
0.0
0.0
0.0
0.0
0.0
0.0
0.0
0.0
0.0
0.0
1.2
0.0
0.0
0.0
0.0
0.0
0.0
0.0
0.0
8.2
0.0
0.0
5.0
0.0
0.0
0.0
0.0
25.2
0.0
0.0
0.0
0.0
0.0
27.2
0.0
0.0
0.0
9.8
13.8
0.0
1.6
0.0
0.0
0.0
0.0
0.0
-9999.0
0.0
0.0
0.2
0.0
0.0
0.0
0.0
0.0
0.0
0.0
0.0
0.0
0.0
0.0
0.0
0.0
0.0
0.0
0.0
7.8
0.2
0.0
0.0
0.0
0.0
0.0
0.0
0.0
0.2
0.0
0.0
0.0
0.0
0.0
0.6
0.0
5.2
0.0
0.0
4.4
0.0
0.0
0.0
0.0
0.0
0.0
0.0
0.0
0.0
0.0
0.0
0.0
0.0
0.0
0.0
0.0
0.0
0.0
0.0
0.0
0.0
0.0
0.0
0.0
0.0
0.0
0.0
0.0
0.0
0.0
0.0
0.0
0.0
0.0
0.0
0.0
0.0
0.0
0.0
0.0
0.0
0.0
0.0
0.0
0.0
0.0
0.0
0.0
0.0
0.0
0.0
0.0
0.0
0.0
0.0
0.0
0.0
3.2
0.0
0.0
0.0
0.0
0.0
0.0
0.0
0.0
0.0
0.0
0.0
0.0
0.0
0.0
0.0
0.0
0.0
0.0
0.0
4.4
0.0
0.0
0.4
0.0
19.0
0.4
13.2
0.0
0.0
0.0
0.0
0.0
0.0
0.0
0.0
0.0
0.0
0.0
0.0
0.0
0.0
0.0
0.0
0.0
0.0
0.0
0.0
0.0
0.0
0.0
0.0
0.0
0.0
0.0
0.0
0.0
0.0
0.0
0.0
0.0
0.0
2.2
4.0
1.2
0.0
0.0
4.6
0.0
6.6
0.0
0.2
0.0
0.0
0.0
0.0
0.0
10.4
4.2
0.0
0.0
3.6
8.2
4.0
0.0
0.0
0.0
0.0
0.2
0.0
0.2
15.4
0.0
0.0
0.0
0.0
0.0
0.0
0.0
0.0
1.8
0.0
0.2
0.0
0.0
0.2
0.0
0.8
0.0
0.0
5.4
0.0
0.0
1.0
0.0
0.0
0.0
0.0
0.0
0.0
0.0
0.0
0.0
0.0
0.0
0.0
0.0
1.2
12.8
7.0
0.2
0.0
0.0
0.0
0.0
0.0
0.0
0.0
0.0
0.0
0.0
0.0
0.0
0.0
0.0
0.0
0.0
0.2
0.0
0.0
0.0
0.0
0.0
0.0
0.0
0.0
0.0
0.0
1.0
0.0
0.0
6.2
1.0
8.8
0.6
6.8
1.6
0.6
0.0
2.2
1.0
0.0
0.0
0.2
1.6
7.6
0.2
0.4
0.0
0.0
0.2
0.0
0.0
0.0
5.4
0.0
2.6
9.8
0.0
0.0
0.2
0.0
0.0
0.0
0.0
0.0
0.0
0.0
0.0
0.0
0.0
0.6
1.6
0.0
0.0
0.0
0.0
0.0
0.0
0.0
0.0
0.0
0.0
0.2
0.0
0.0
0.0
0.0
0.0
0.0
0.0
3.4
0.6
4.0
0.0
0.0
2.6
2.8
5.8
0.2
13.8
1.2
0.6
0.0
0.0
0.2
0.0
15.2
13.8
1.4
0.0
0.0
1.4
0.0
0.6
0.0
0.0
2.2
0.2
2.8
0.0
0.0
0.0
0.0
0.0
0.0
0.0
1.0
16.2
3.2
5.0
1.6
0.0
0.0
0.0
0.0
0.0
0.0
0.0
0.0
0.0
0.0
0.0
0.0
0.0
0.0
0.0
1.0
11.4
0.0
17.2
5.8
0.0
0.0
0.0
0.0
0.0
0.0
0.0
0.0
0.0
0.0
0.0
0.0
0.0
0.0
0.0
0.0
0.0
0.0
0.0
0.0
0.0
0.0
0.0
0.0
0.0
0.0
0.0
0.0
0.0
0.0
0.0
0.0
0.0
0.0
0.0
0.0
0.0
0.0
0.0
0.0
0.0
0.0
0.0
0.0
0.0
0.0
0.0
0.0
0.0
0.0
0.0
0.0
0.0
0.0
0.0
0.0
0.0
0.0
0.0
0.0
0.0
0.0
0.0
0.0
0.0
0.0
0.0
0.0
0.0
0.0
0.0
1.8
0.0
0.0
0.0
0.0
0.0
0.0
0.0
0.0
0.0
0.0
0.0
0.0
0.0
0.0
0.0
0.0
1.4
0.0
0.0
0.4
0.0
0.0
0.0
0.0
0.0
0.0
0.0
0.0
0.0
0.0
0.0
0.0
0.0
0.0
0.0
1.8
1.6
0.0
0.0
0.0
0.0
0.0
0.0
0.0
0.0
7.0
99.2
0.0
0.0
0.2
0.0
0.0
0.0
2.8
0.0
0.0
0.0
12.8
0.8
13.8
0.0
0.2
0.0
0.0
0.0
0.0
0.0
0.0
0.0
0.6
0.2
0.0
0.8
0.0
0.2
0.4
0.0
0.0
0.0
7.4
0.0
0.2
0.0
0.0
0.0
0.0
0.0
0.2
0.0
0.2
0.0
0.2
0.2
0.0
0.0
0.0
0.2
0.2
0.0
0.0
0.0
0.0
0.2
0.0
0.0
0.0
21.0
18.2
2.2
0.0
0.0
0.0
0.0
-9999.0
-9999.0
0.0
-9999.0
0.2
0.0
0.0
0.0
0.0
0.0
0.0
0.0
0.0
0.0
0.0
0.2
0.0
0.0
0.0
0.0
0.0
0.0
0.0
-9999.0
0.8
3.2
0.6
2.6
0.2
4.6
0.0
-9999.0
0.2
0.2
0.0
0.0
5.2
16.0
0.0
0.0
0.2
0.2
0.0
0.2
0.2
6.4
0.0
1.0
13.0
0.4
3.4
0.0
0.0
0.0
0.0
-9999.0
-9999.0
-9999.0
-9999.0
-9999.0
-9999.0
-9999.0
0.2
0.0
0.0
0.0
0.0
0.0
0.6
0.2
0.0
0.2
0.2
0.0
0.0
0.0
0.0
0.0
0.0
1.4
0.0
0.0
0.2
0.0
9.4
0.0
0.6
0.2
0.0
-9999.0
-9999.0
-9999.0
-9999.0
-9999.0
0.0
0.0
0.2
0.0
0.0
0.0
0.0
0.0
0.0
0.0
2.0
0.0
0.0
0.0
0.0
0.0
0.0
0.0
0.0
-9999.0
6.2
0.0
4.8
0.0
0.0
0.0
0.0
0.0
0.0
0.0
-9999.0
-9999.0
-9999.0
-9999.0
-9999.0
-9999.0
0.0
0.0
0.4
6.0
9.6
2.2
2.8
0.0
0.0
-9999.0
-9999.0
-9999.0
-9999.0
2.2
15.8
11.0
2.2
0.0
0.0
0.0
0.0
0.0
0.0
0.0
0.0
0.0
0.0
0.0
0.0
0.0
0.0
0.0
0.0
8.8
6.0
11.8
0.2
0.0
0.0
0.0
0.0
18.8
0.0
1.8
0.2
0.0
0.0
0.0
0.0
-9999.0
-9999.0
-9999.0
0.0
0.0
0.0
0.2
0.4
0.0
0.0
0.0
0.0
0.0
0.0
0.0
1.6
0.0
0.0
0.0
0.0
0.0
0.0
0.0
0.0
0.0
0.0
0.0
0.0
0.0
0.0
0.0
0.0
0.0
0.0
0.0
0.0
0.0
0.0
0.0
0.0
0.0
0.0
0.0
0.0
0.0
0.0
0.0
0.0
0.0
0.0
0.0
0.0
0.0
0.0
0.0
0.0
0.0
0.0
0.0
0.0
0.0
0.0
0.0
0.0
0.0
0.0
0.0
0.0
0.0
0.0
0.0
0.0
0.0
0.0
0.0
0.0
0.0
0.0
0.0
0.0
0.0
0.0
0.0
0.0
0.0
0.0
0.0
0.0
0.0
0.0
0.0
0.0
0.0
0.0
0.0
0.0
0.0
0.0
0.0
0.0
0.0
0.0
0.0
0.0
0.0
0.0
0.0
0.0
18.2
0.6
4.4
0.0
0.0
0.0
0.0
0.0
0.0
0.0
0.0
0.0
0.0
8.6
9.0
0.0
15.8
0.6
1.4
0.6
0.0
0.2
0.0
0.0
0.0
0.0
0.2
0.0
0.0
0.0
1.6
0.0
0.0
0.0
0.0
6.2
0.0
0.0
0.0
0.0
1.8
0.0
0.2
0.8
0.0
0.0
0.0
0.0
0.0
5.0
0.0
1.4
36.8
20.8
0.0
1.0
3.0
3.6
0.2
0.0
0.0
0.2
0.0
0.0
0.0
0.0
0.0
0.0
0.2
0.0
0.0
0.0
0.0
0.0
0.0
0.0
2.2
0.0
0.0
0.0
7.6
14.4
0.8
0.4
0.2
4.0
0.4
0.0
0.0
2.0
6.8
0.2
0.0
0.0
0.2
13.8
22.6
2.6
0.0
0.0
0.0
0.0
0.0
0.2
0.0
0.4
0.0
0.0
0.0
0.6
4.6
0.2
0.0
0.0
0.4
3.6
8.2
0.2
0.0
0.0
0.0
1.6
2.4
0.0
0.0
0.2
0.6
0.0
0.2
0.0
0.0
0.2
8.8
3.4
0.2
9.2
5.0
0.0
3.6
4.4
0.4
0.2
0.0
4.0
4.6
27.8
8.4
1.4
13.2
16.6
3.8
0.0
0.0
0.0
0.0
0.0
0.0
0.2
0.0
0.0
0.0
0.0
0.0
0.0
0.0
0.2
0.0
0.0
0.0
0.0
0.0
3.4
0.8
0.6
10.2
19.6
16.2
4.0
1.4
0.0
0.0
0.0
0.2
0.0
0.2
0.0
0.0
0.0
0.0
0.0
0.0
0.0
0.0
0.0
0.0
0.0
0.0
0.0
0.0
0.0
1.0
0.6
0.0
2.6
0.0
0.2
0.0
0.0
0.0
0.0
0.0
0.0
0.0
0.2
0.4
0.0
0.0
2.0
9.6
0.4
2.4
23.0
0.2
0.0
0.0
0.0
0.0
0.0
0.0
11.4
0.0
0.0
0.0
0.0
0.0
0.2
0.0
0.0
0.0
0.0
0.0
0.0
4.4
0.0
0.0
0.0
0.0
0.0
0.0
0.0
0.0
0.0
0.0
0.0
0.0
0.0
0.0
0.0
0.0
0.0
0.0
0.0
0.0
1.2
0.0
0.0
0.0
0.0
0.0
0.0
0.0
0.0
0.0
0.0
0.0
0.0
0.0
0.0
0.0
0.8
0.0
0.0
0.0
0.0
3.0
0.0
0.0
0.0
0.0
0.0
0.0
0.0
0.0
0.0
0.0
0.0
0.0
0.0
0.0
0.0
0.0
0.0
0.0
0.0
0.0
0.0
0.0
0.0
0.0
0.0
0.0
0.0
0.0
0.0
0.0
0.0
0.0
0.0
0.0
0.0
0.0
0.0
0.0
0.0
0.0
0.0
0.0
0.0
0.0
0.0
0.0
0.0
0.0
0.0
0.0
0.2
5.8
0.0
0.0
0.0
0.0
0.0
0.0
0.0
0.0
0.0
0.0
0.0
0.0
0.0
0.0
0.0
0.0
0.0
0.0
0.0
0.0
0.0
0.0
-9999.0
-9999.0
-9999.0
-9999.0
-9999.0
-9999.0
-9999.0
-9999.0
-9999.0
-9999.0
-9999.0
-9999.0
-9999.0
-9999.0
-9999.0
-9999.0
-9999.0
-9999.0
-9999.0
-9999.0
-9999.0
-9999.0
-9999.0
-9999.0
-9999.0
-9999.0
-9999.0
-9999.0
-9999.0
-9999.0
-9999.0
-9999.0
-9999.0
-9999.0
-9999.0
-9999.0
-9999.0
-9999.0
-9999.0
-9999.0
-9999.0
-9999.0
-9999.0
-9999.0
-9999.0
-9999.0
-9999.0
-9999.0
-9999.0
-9999.0
-9999.0
-9999.0
0.0
0.0
0.0
-9999.0
-9999.0
-9999.0
-9999.0
0.0
0.0
0.0
0.0
0.0
0.0
0.0
0.0
0.0
0.0
0.0
0.0
0.0
0.0
0.0
0.0
0.0
0.0
0.2
0.0
0.0
0.0
0.0
0.2
0.0
-9999.0
-9999.0
-9999.0
-9999.0
-9999.0
0.0
1.4
0.2
0.0
0.0
0.2
0.0
0.0
0.2
0.0
0.2
0.0
1.2
0.8
0.0
2.0
0.0
17.6
0.0
0.2
19.2
17.0
48.8
22.4
27.8
23.8
0.0
5.8
1.2
8.8
4.8
0.6
0.0
0.2
19.6
1.0
11.2
23.0
1.4
0.2
5.8
0.8
6.4
17.4
1.2
0.0
0.0
0.0
0.0
0.0
0.0
0.0
0.0
0.2
0.2
2.2
4.0
2.6
0.2
0.0
0.0
0.0
0.0
0.0
8.4
9.2
0.2
0.0
3.2
17.0
0.2
6.8
2.6
10.6
6.6
2.2
7.4
15.0
2.8
11.8
4.4
2.8
3.6
8.8
0.0
0.0
1.2
0.4
3.0
1.0
0.0
12.4
18.2
0.0
0.2
1.4
11.0
13.2
0.0
0.0
6.6
0.0
0.0
0.0
0.2
0.2
0.0
0.2
0.0
12.2
13.4
0.0
0.2
0.0
0.0
0.0
0.0
0.0
1.0
0.0
0.0
0.0
0.0
0.4
0.0
0.0
0.0
-9999.0
0.0
0.0
0.0
0.0
0.0
0.0
1.6
0.2
10.6
7.2
1.2
0.0
0.0
2.4
4.0
0.0
0.0
0.0
0.2
0.0
0.0
0.0
0.0
0.0
0.0
0.0
0.0
0.0
0.0
-9999.0
-9999.0
-9999.0
-9999.0
5.2
0.2
0.0
-9999.0
-9999.0
0.0
0.0
0.0
-9999.0
-9999.0
-9999.0
-9999.0
-9999.0
-9999.0
-9999.0
-9999.0
-9999.0
-9999.0
-9999.0
-9999.0
-9999.0
-9999.0
-9999.0
-9999.0
-9999.0
-9999.0
-9999.0
-9999.0
-9999.0
-9999.0
-9999.0
-9999.0
-9999.0
-9999.0
-9999.0
-9999.0
-9999.0
-9999.0
-9999.0
-9999.0
-9999.0
-9999.0
-9999.0
-9999.0
-9999.0
-9999.0
-9999.0
-9999.0
-9999.0
-9999.0
-9999.0
-9999.0
-9999.0
-9999.0
-9999.0
-9999.0
-9999.0
-9999.0
-9999.0
-9999.0
-9999.0
-9999.0
-9999.0
-9999.0
-9999.0
-9999.0
0.0
0.0
0.0
0.0
0.0
0.0
0.0
0.0
0.0
0.0
0.0
0.0
0.0
0.0
0.0
0.0
0.0
0.0
0.0
0.0
0.0
0.0
0.0
0.0
0.0
0.0
0.0
0.0
0.2
0.0
0.0
5.6
0.0
13.6
0.0
0.0
0.0
0.0
0.0
0.0
0.0
0.0
0.0
0.0
0.0
0.0
0.0
0.0
0.0
0.0
0.0
0.0
0.0
0.0
0.0
0.0
0.0
0.2
0.0
0.0
0.0
0.0
11.6
9.4
0.2
0.0
0.0
0.0
0.0
2.2
0.0
0.0
0.0
0.0
0.0
0.0
0.0
0.0
0.0
2.4
0.0
0.0
0.0
0.0
0.0
16.0
0.0
0.0
1.8
0.0
0.0
0.0
0.0
-9999.0
-9999.0
0.0
0.0
0.0
0.0
0.0
-9999.0
0.0
0.0
0.0
0.0
0.0
0.0
-9999.0
-9999.0
-9999.0
-9999.0
-9999.0
-9999.0
-9999.0
-9999.0
-9999.0
-9999.0
-9999.0
0.0
0.0
0.0
0.6
0.0
0.0
2.0
0.0
0.0
0.0
3.8
0.0
1.0
0.2
0.0
11.0
20.8
4.4
9.2
7.4
1.4
0.6
0.2
0.0
14.4
3.4
4.0
0.0
0.0
0.0
0.2
0.0
0.2
0.0
0.0
0.0
2.0
59.8
4.4
11.8
31.0
13.4
3.4
0.0
0.8
0.0
0.2
0.0
0.2
12.8
4.4
1.0
0.0
0.0
0.0
0.0
0.0
2.6
3.0
0.8
0.0
0.0
0.0
0.2
0.0
0.2
0.2
0.0
0.2
0.0
0.2
0.0
0.0
2.0
1.0
0.0
10.8
2.4
5.0
1.0
0.0
0.0
0.0
0.0
0.0
0.0
0.0
0.0
0.2
0.2
0.2
0.0
0.2
0.0
6.2
2.6
18.8
6.0
2.0
0.2
4.8
0.0
0.0
0.0
0.0
0.0
0.0
0.0
0.0
0.0
0.0
0.0
0.0
9.4
0.2
0.0
0.0
25.2
11.2
1.0
11.0
0.8
0.0
5.6
0.0
0.0
0.0
0.0
0.0
0.0
0.0
0.8
3.8
0.0
0.2
0.0
0.0
0.0
0.0
0.0
0.0
0.0
0.0
3.2
0.2
0.0
0.0
0.0
0.0
0.0
0.0
0.0
0.2
0.0
0.0
0.0
0.0
0.0
2.8
0.0
0.2
8.6
1.4
1.0
3.0
3.4
0.4
0.0
3.6
26.4
2.0
13.8
31.4
11.2
0.2
0.0
0.0
0.0
0.0
0.2
0.0
0.0
0.0
0.0
0.0
0.0
0.0
0.0
1.0
0.4
0.0
0.0
0.0
0.0
0.0
0.0
0.0
0.0
0.0
0.0
0.0
0.0
0.0
0.0
0.0
0.0
0.0
1.4
20.2
0.0
0.0
0.0
0.0
0.0
0.0
0.0
0.0
0.0
0.0
0.0
0.0
0.0
0.0
0.0
0.0
0.0
0.0
0.0
0.0
0.0
0.0
0.0
0.0
0.0
0.0
0.0
0.0
0.0
0.0
0.0
0.0
0.0
0.0
0.0
0.0
0.0
0.0
0.0
0.0
0.0
0.0
0.0
0.0
0.0
0.0
0.0
0.0
0.0
0.0
0.0
0.0
0.0
0.0
0.0
0.0
0.0
0.0
0.0
0.0
0.0
0.0
0.0
0.0
0.0
0.0
0.0
0.0
0.0
0.0
0.0
0.0
0.0
0.0
0.0
0.0
0.0
0.0
0.0
0.0
0.0
0.0
0.0
0.0
0.0
0.0
0.0
0.0
0.0
0.0
0.0
0.0
0.0
0.0
0.0
0.0
0.0
0.0
0.0
0.0
0.2
0.0
0.0
0.0
0.0
0.0
0.0
1.6
0.0
0.0
0.0
0.0
0.0
0.0
0.0
0.0
0.0
0.0
0.0
0.2
0.0
0.0
0.0
0.0
0.0
0.0
0.0
0.0
0.0
0.0
0.0
0.0
0.2
0.0
0.0
0.0
5.4
4.2
7.8
0.0
5.0
8.6
0.2
0.0
0.0
0.0
0.2
9.8
15.8
15.0
1.8
0.0
0.0
0.0
0.0
0.2
0.0
0.0
0.0
2.0
0.0
0.0
0.2
4.0
21.6
12.0
1.2
0.0
-9999.0
-9999.0
-9999.0
-9999.0
-9999.0
-9999.0
-9999.0
-9999.0
-9999.0
-9999.0
0.0
0.2
0.0
0.2
0.2
0.2
0.0
1.2
0.0
0.0
0.0
0.0
0.0
0.2
0.0
0.0
0.0
0.0
0.0
0.0
0.0
0.0
0.0
0.0
0.2
0.0
0.0
0.0
0.0
0.0
0.0
0.0
0.0
0.0
0.0
0.0
0.2
0.0
0.2
0.0
0.0
0.2
0.2
6.8
13.2
0.2
0.0
0.0
0.2
0.2
0.0
0.2
0.0
0.2
0.0
3.2
0.0
0.0
0.0
0.0
1.0
6.6
0.2
0.0
0.0
0.0
0.0
0.0
0.0
0.0
0.0
0.0
0.0
0.2
0.0
10.4
0.0
0.0
0.0
0.0
0.2
0.0
0.2
0.0
0.0
0.0
0.0
0.0
0.2
4.4
5.6
0.0
0.0
0.0
0.0
0.0
0.0
0.0
0.0
0.0
0.0
0.0
0.0
0.0
0.0
0.0
0.0
5.8
0.0
0.0
0.0
0.0
0.0
0.6
0.0
0.0
0.0
0.0
0.0
0.0
0.0
2.0
2.0
0.2
2.8
1.8
0.0
0.0
0.0
0.0
0.0
2.2
3.8
14.8
4.6
0.0
0.0
0.0
1.0
0.0
0.0
0.0
0.0
0.0
0.0
0.0
2.6
13.0
9.0
2.2
0.0
0.0
0.0
0.2
7.0
0.0
0.0
0.0
0.0
0.0
0.0
0.0
0.0
0.0
0.0
0.0
0.0
0.0
0.0
11.8
0.2
0.0
0.0
0.0
0.0
0.0
0.0
0.0
0.0
0.0
0.0
0.0
0.0
0.0
0.0
0.0
0.0
0.0
0.0
0.0
0.0
0.0
0.0
0.0
0.0
0.0
0.0
0.0
0.0
0.0
0.0
0.0
-9999.0
0.0
0.0
0.0
0.0
0.0
0.0
0.0
0.0
0.0
0.0
0.0
0.0
0.0
0.0
0.0
0.0
0.0
0.0
0.0
0.0
0.0
0.0
0.0
0.0
0.0
0.0
0.0
0.0
0.0
0.0
0.0
0.0
0.0
0.0
0.0
0.0
0.0
0.0
0.0
0.0
0.0
0.0
0.0
0.0
0.0
0.0
0.0
0.0
0.0
0.0
0.0
0.0
0.0
0.0
0.0
0.0
0.0
0.0
0.0
0.0
0.0
0.0
0.0
0.0
0.0
0.0
0.0
0.0
0.0
0.0
0.0
0.0
0.0
0.0
0.0
0.0
0.0
0.0
0.0
0.0
0.0
0.0
0.0
0.0
0.0
0.0
0.0
0.0
0.0
0.0
0.0
0.0
0.0
0.0
0.0
2.6
6.6
33.8
9.0
0.0
0.2
0.0
0.0
0.0
0.2
0.2
0.0
0.0
0.0
0.0
0.0
0.0
0.0
2.4
0.0
0.0
0.0
11.2
3.0
13.2
0.0
0.0
1.4
3.6
42.4
5.4
0.8
0.2
0.0
18.0
0.4
0.0
7.0
9.0
15.2
15.8
6.8
0.8
7.2
12.6
8.0
11.8
0.0
0.0
0.2
0.0
0.2
33.0
4.4
0.2
0.0
0.2
0.2
0.0
0.0
0.0
4.0
3.6
0.0
0.0
0.0
0.2
0.0
0.0
0.0
0.0
3.2
3.0
0.0
0.2
0.0
0.0
0.0
0.0
0.0
2.2
0.0
0.0
0.2
0.0
0.0
0.0
0.0
0.0
0.0
4.6
0.0
0.2
0.0
0.0
0.2
0.8
0.4
0.0
0.0
0.2
0.2
0.0
0.0
0.0
0.2
0.0
0.0
1.8
10.2
0.0
0.0
14.2
2.4
2.4
19.2
9.6
0.0
12.8
4.8
5.0
2.4
0.0
1.0
0.0
0.2
0.0
0.0
0.2
0.0
0.0
0.0
0.0
0.0
0.0
1.2
0.2
2.4
3.0
0.0
0.0
0.0
0.0
0.2
0.4
0.2
1.2
0.0
4.4
13.0
12.2
0.0
0.0
0.0
4.4
16.2
0.0
0.0
0.0
1.8
12.8
7.0
11.0
1.0
1.4
9.8
5.4
4.4
0.2
0.0
0.0
3.0
2.8
0.0
15.8
0.0
0.0
1.0
9.2
11.4
0.6
0.0
0.8
0.0
7.4
0.0
13.0
6.2
0.6
0.6
1.6
9.0
0.0
0.0
0.0
0.0
0.0
0.0
0.0
0.0
0.0
0.0
0.0
0.2
0.0
0.0
0.0
0.0
0.6
0.2
0.0
0.0
0.0
0.0
14.2
10.6
4.4
0.0
0.0
1.6
0.2
0.0
0.0
0.0
0.0
0.0
0.0
0.0
0.0
0.0
0.0
4.2
1.6
6.4
1.6
0.0
5.6
2.4
0.2
0.0
0.0
0.0
0.0
0.0
0.0
0.0
0.0
0.0
0.0
0.0
0.0
0.0
0.0
0.0
0.0
0.0
0.0
0.0
0.0
0.0
0.0
0.0
0.0
0.0
0.0
0.0
0.0
0.0
0.0
0.0
0.0
0.0
0.0
0.0
0.0
0.0
0.0
0.0
0.0
0.0
0.0
0.0
0.0
0.0
0.0
0.0
0.0
0.0
0.0
0.0
0.0
0.0
0.0
0.0
0.0
0.0
0.0
0.0
0.0
0.0
0.0
0.0
0.0
0.0
0.0
0.0
0.0
0.0
0.0
0.4
0.4
0.0
0.0
0.0
0.0
0.0
0.0
0.0
0.0
0.0
0.0
0.0
0.0
0.0
0.0
0.0
0.0
0.0
0.0
0.0
0.0
0.0
0.0
0.0
2.4
0.0
0.2
2.0
0.0
0.0
0.0
0.2
0.0
0.0
0.0
6.8
17.8
0.0
0.0
0.0
0.2
0.0
0.0
0.0
0.0
0.0
0.0
0.0
0.0
0.0
0.0
0.0
0.2
0.0
0.0
0.0
2.2
1.2
0.2
0.0
0.0
0.0
0.0
0.4
0.0
0.0
0.0
0.0
0.2
0.0
0.0
0.0
0.0
0.0
0.0
0.0
0.0
0.0
0.0
0.0
0.0
6.8
0.0
0.0
0.4
0.0
0.0
0.0
0.0
0.0
0.0
0.0
0.0
0.0
0.0
0.0
0.0
0.0
0.0
0.0
0.0
0.0
0.0
0.0
0.0
0.0
0.0
0.0
0.0
0.0
0.0
0.0
0.8
0.0
0.0
0.0
0.0
0.0
0.2
0.0
0.2
0.0
0.0
0.2
0.0
0.0
0.2
0.2
0.2
0.2
0.0
0.0
0.0
0.0
0.0
0.0
0.2
0.0
0.0
20.0
0.0
0.0
0.0
0.0
7.4
27.0
0.0
0.0
1.0
0.0
0.0
0.0
0.2
0.4
0.2
1.6
0.0
0.0
0.0
0.0
0.0
0.0
0.0
0.0
4.0
7.8
0.0
0.8
8.0
11.2
9.8
0.0
8.0
2.6
0.0
0.0
0.0
0.0
0.0
3.0
2.4
2.0
2.2
0.8
0.0
0.2
0.6
0.8
3.2
0.0
3.6
7.4
1.0
6.4
0.6
0.2
0.0
3.4
0.0
0.0
8.2
0.0
0.0
0.2
0.0
1.4
11.4
0.0
0.0
0.0
0.0
25.4
9.4
0.0
0.0
0.0
0.0
0.0
0.0
0.0
0.2
0.0
0.0
0.0
0.0
0.0
0.0
0.0
0.0
0.2
0.0
0.0
0.0
0.0
0.0
0.6
0.0
0.0
0.0
5.8
0.0
0.0
0.2
15.2
4.0
0.0
0.0
0.0
0.0
0.0
0.0
0.0
0.0
0.0
0.0
0.0
0.0
0.0
0.0
0.0
0.0
9.4
12.2
0.0
0.0
0.2
0.0
0.0
0.0
0.0
0.0
0.0
0.0
0.0
0.0
0.0
0.0
0.0
0.0
0.0
0.0
0.0
0.0
0.0
0.0
0.0
0.0
0.0
0.0
0.0
0.0
0.0
2.6
0.0
0.0
0.0
0.0
0.0
0.0
0.0
0.0
0.0
6.0
14.8
0.0
0.0
0.0
0.0
0.0
0.0
0.0
0.0
0.0
0.0
0.0
0.0
0.0
0.0
0.4
0.0
0.0
0.0
0.0
0.0
0.0
0.0
1.0
0.0
0.0
0.0
0.0
0.0
0.0
0.0
0.0
0.0
0.0
0.0
0.0
0.0
0.0
0.0
0.0
0.0
0.0
0.0
0.0
0.0
0.0
0.0
0.0
0.0
0.0
0.0
0.0
0.0
0.0
0.0
0.0
0.0
0.0
0.0
0.0
0.0
0.0
0.0
0.0
0.0
0.0
0.0
0.0
0.0
0.0
0.0
0.0
0.0
0.0
0.0
0.0
0.0
0.0
0.0
0.0
0.0
0.0
0.0
0.0
0.0
0.0
0.0
0.0
0.0
0.0
0.0
0.0
0.0
0.0
0.0
0.0
0.0
0.0
0.0
0.0
0.0
0.0
0.0
0.0
0.0
0.0
0.0
0.2
0.0
0.0
0.0
0.0
0.2
3.6
0.0
0.0
0.0
5.2
1.4
11.4
0.8
0.2
0.0
2.6
0.0
0.0
0.0
0.0
0.0
0.0
0.0
1.8
2.8
4.6
17.0
0.0
0.0
0.2
0.0
0.0
0.0
0.0
0.0
0.0
0.0
0.0
0.0
0.0
0.0
0.0
0.0
0.2
0.0
0.2
0.0
5.8
6.8
0.0
0.0
0.0
5.4
0.2
0.0
7.0
0.0
0.4
6.0
0.0
0.0
0.0
0.0
0.2
0.0
0.0
0.0
0.0
-9999.0
-9999.0
-9999.0
-9999.0
-9999.0
-9999.0
0.0
2.0
0.0
0.0
0.0
0.0
0.0
0.0
0.0
0.0
0.0
0.0
0.0
-9999.0
-9999.0
-9999.0
0.0
0.0
0.0
0.0
0.2
0.0
0.0
0.2
0.2
0.0
0.2
0.0
1.4
0.0
0.0
0.0
0.0
0.2
0.0
0.0
0.0
0.0
0.0
-9999.0
0.2
0.0
0.0
0.0
0.0
0.0
7.0
1.0
0.0
14.8
6.8
3.0
3.0
0.2
0.0
0.0
0.0
0.0
0.0
0.0
11.2
20.0
7.2
0.0
4.6
10.0
0.2
4.4
0.0
0.2
0.2
0.2
0.0
4.6
3.6
0.4
1.8
0.8
6.4
4.2
0.0
0.0
0.0
0.8
0.0
0.0
0.0
0.0
0.0
0.0
0.0
0.0
0.0
0.0
-9999.0
-9999.0
0.0
0.0
0.0
0.0
0.0
0.0
0.0
0.0
0.0
0.0
0.0
4.8
1.2
0.0
7.8
3.8
1.4
15.2
3.4
0.4
0.0
0.0
0.0
0.0
0.0
0.0
0.0
0.0
0.0
0.0
0.2
0.0
0.0
17.8
0.2
0.6
0.2
0.0
0.0
0.0
5.0
0.0
0.0
0.0
0.0
0.0
0.0
0.0
0.0
0.0
0.0
3.0
0.0
0.0
0.0
0.0
0.0
0.0
0.0
0.0
0.0
0.0
0.0
0.0
0.0
0.0
0.0
0.0
0.0
0.0
0.0
0.0
0.0
0.0
0.0
0.2
0.0
0.0
0.0
0.0
0.0
0.0
0.0
0.0
1.0
12.2
0.6
0.2
0.0
0.0
0.0
0.0
0.0
0.0
0.0
0.0
0.0
0.0
0.0
0.0
0.0
8.8
0.0
0.0
0.0
0.0
0.0
0.0
0.0
0.0
0.0
0.0
0.0
0.0
0.0
0.0
0.0
0.0
0.0
0.0
0.0
0.0
0.0
0.0
0.0
0.0
0.0
0.0
0.0
0.0
0.0
0.0
0.0
0.2
0.0
0.0
0.0
0.0
0.0
0.2
0.0
0.0
0.0
0.0
0.0
0.0
0.0
0.0
0.0
0.0
0.0
0.0
0.0
0.0
0.2
0.0
0.0
0.2
0.0
0.0
0.0
0.0
0.0
0.0
0.0
0.0
0.0
0.0
0.0
0.0
0.0
0.0
0.0
0.0
0.0
0.0
0.0
0.0
0.0