4 11 2004
802 
0.0
1.7
0.0
0.0
0.0
0.0
0.0
0.0
0.0
0.0
0.0
0.0
0.0
0.0
0.0
0.0
0.0
0.0
0.0
0.0
0.0
0.0
0.0
0.0
0.0
0.9
15.9
27.9
28.5
16.9
4.9
0.0
0.0
0.0
0.0
0.0
0.0
0.0
0.0
0.0
0.0
0.0
0.0
0.0
0.0
0.0
0.0
1.1
0.0
0.0
0.0
16.9
9.6
1.5
0.0
0.0
0.0
0.0
0.0
0.0
0.0
0.0
0.0
0.0
0.0
0.0
0.0
0.0
0.0
0.0
0.0
0.0
0.0
0.0
0.0
0.0
0.0
0.0
0.0
0.0
0.0
0.0
0.0
2.3
0.0
0.0
0.0
0.0
0.0
0.0
0.0
0.0
0.0
0.0
13.6
5.0
11.8
0.0
0.0
0.0
0.0
0.0
0.0
0.0
0.0
0.0
0.0
0.0
0.0
4.7
0.0
0.0
0.0
0.9
3.0
31.0
17.6
42.3
16.0
8.2
18.0
2.0
3.2
0.0
0.0
0.0
5.6
0.0
0.0
1.0
0.0
0.0
0.0
0.0
0.0
1.1
0.0
0.0
0.0
5.0
0.0
0.0
4.6
0.0
0.0
0.0
0.0
0.0
0.0
0.0
0.0
1.5
0.0
0.0
0.0
3.1
0.0
0.0
0.0
0.0
0.0
0.0
0.0
0.0
0.0
0.0
0.0
0.0
0.0
0.0
0.0
0.0
0.0
0.0
0.0
0.0
0.0
0.0
10.1
5.8
0.0
0.0
0.0
0.0
0.0
0.0
0.0
0.0
0.0
2.9
0.0
0.0
0.0
0.0
0.0
0.0
0.0
0.0
0.0
0.0
0.0
0.0
0.0
0.0
0.0
0.0
0.0
9.5
0.0
0.0
0.0
0.0
0.0
0.0
0.0
0.0
0.0
0.0
0.0
0.0
0.0
0.0
0.0
0.0
0.0
0.0
0.0
0.0
0.0
0.0
0.0
0.0
0.0
0.0
0.0
4.4
0.0
0.0
0.0
0.0
0.0
0.0
0.0
0.0
0.0
0.0
0.0
0.0
0.0
0.0
0.0
0.0
0.0
0.0
0.0
0.0
0.0
0.0
0.0
0.0
0.0
0.0
0.0
0.0
0.0
0.0
1.1
0.0
0.0
0.0
0.0
0.0
0.0
0.0
0.0
0.0
0.0
0.0
0.0
0.0
0.0
0.0
0.0
0.0
0.0
0.0
0.0
0.0
3.1
0.0
0.0
0.0
0.0
0.0
0.0
0.0
0.0
0.0
0.0
0.0
0.0
0.0
0.0
0.0
0.0
0.0
9.9
4.4
0.0
0.0
0.0
0.0
0.0
0.0
0.0
0.0
0.0
0.0
0.0
0.0
0.0
0.0
0.0
0.0
0.0
0.0
2.4
0.0
0.0
0.0
0.0
0.0
0.0
0.0
0.0
0.0
0.0
0.0
0.0
1.9
18.1
22.2
1.9
0.0
0.0
0.0
0.0
9.3
3.2
0.0
0.0
0.0
0.0
0.0
0.0
0.0
0.0
0.9
2.1
0.0
5.1
0.0
0.0
0.0
0.0
0.0
0.0
0.0
0.0
0.0
0.0
5.5
0.5
4.2
9.0
4.6
3.8
0.0
0.0
0.0
0.0
0.0
9.0
0.5
2.1
0.0
5.5
3.6
0.0
0.0
0.0
0.0
0.0
6.3
0.1
0.0
0.0
0.0
0.0
0.0
0.0
0.0
0.0
0.0
0.0
0.0
0.0
0.0
0.0
0.0
0.0
0.0
0.0
0.0
0.0
1.1
11.3
3.4
0.0
0.0
0.0
0.0
0.0
0.0
0.0
0.0
0.0
0.0
18.3
0.0
0.0
0.0
13.1
0.0
0.0
0.0
0.1
5.9
9.7
0.0
0.0
0.0
0.0
0.0
0.0
0.0
0.0
2.1
1.1
35.7
38.2
2.7
0.0
0.0
0.0
0.0
1.3
0.0
6.0
0.0
0.0
0.0
18.9
0.0
1.6
0.0
0.0
0.0
0.0
0.0
0.0
3.6
12.2
3.2
0.0
1.1
1.4
0.0
13.4
9.9
0.0
0.0
0.0
0.0
0.0
9.6
4.7
0.0
0.0
0.0
0.0
0.0
0.0
0.0
0.0
0.0
0.0
0.0
9.4
18.5
14.6
11.1
0.0
0.0
2.5
0.0
0.0
0.0
0.0
0.0
0.0
0.0
0.0
0.0
0.0
0.0
0.0
0.0
0.0
0.0
0.0
0.0
0.0
0.0
2.2
0.0
24.2
2.8
0.0
1.2
0.0
0.0
0.0
0.0
34.1
0.0
0.0
0.0
0.0
0.0
13.4
0.0
0.0
0.0
2.7
0.6
0.0
0.0
0.0
0.0
0.0
0.0
0.1
3.3
0.0
0.0
0.0
0.0
0.0
0.0
0.0
0.0
0.0
0.0
0.0
0.0
0.0
7.6
0.0
0.0
0.0
0.0
4.5
0.0
0.0
0.0
0.0
0.0
0.0
0.0
0.0
0.0
0.0
0.0
0.0
0.0
0.0
0.0
2.1
0.0
0.0
0.0
0.0
0.0
0.0
0.0
0.0
0.0
0.0
0.0
0.0
0.0
0.0
0.0
0.0
0.0
0.0
0.0
0.0
0.0
0.0
0.0
0.0
0.0
0.0
0.0
0.0
0.0
0.0
0.0
0.0
0.0
1.1
0.0
0.0
0.0
0.0
0.0
0.0
0.0
0.0
0.0
0.0
0.0
0.0
0.0
0.0
0.0
0.0
0.0
0.0
15.9
0.8
0.0
0.0
0.0
0.0
0.0
0.0
0.0
0.0
10.0
0.0
0.0
0.0
0.0
0.0
0.0
0.0
0.0
0.0
0.0
0.0
0.0
0.0
0.0
0.0
0.0
0.0
0.0
0.0
1.4
0.1
0.0
1.8
3.3
20.7
0.0
11.8
0.0
0.0
0.0
0.0
0.0
0.0
0.0
0.0
2.3
0.0
0.2
0.0
0.0
0.0
0.0
0.0
0.0
0.0
0.0
0.0
0.0
0.0
0.0
0.0
0.0
0.0
0.0
0.0
0.0
0.0
0.0
0.0
0.0
0.0
0.0
0.0
0.0
0.0
0.0
0.0
0.0
0.0
0.1
0.0
0.0
0.0
0.0
0.0
0.0
0.0
0.0
0.0
0.0
0.0
0.0
0.0
0.0
0.0
0.0
0.0
0.0
0.0
0.1
24.5
2.3
0.0
0.0
0.0
0.0
0.0
0.0
0.0
2.5
0.0
0.0
0.0
0.0
0.0
0.0
5.3
0.0
0.0
20.5
0.3
0.6
7.4
0.0
0.0
0.0
0.0
0.0
0.0
0.0
0.0
0.0
0.0
0.0
0.0
0.0
2.4
8.6
0.0
0.0
0.0
0.0
0.0
0.0
0.0
0.0
0.0
0.0
0.0
0.0
0.0
0.0
0.0
0.0
0.0
0.0
0.0
0.0
0.0
0.0
0.0
0.0
0.0
0.0
0.0
0.0
0.0
0.0
0.0
0.0
9.2
2.5
5.9
1.4
11.8
1.1
0.2
0.0
12.6
1.8
0.0
0.0
0.0
4.6
28.8
7.4
0.4
0.0
0.0
0.0
0.0
0.0
0.0
1.5
0.0
10.7
3.5
0.0
0.0
0.0
0.0
1.0
0.0
0.0
0.0
0.0
0.0
0.0
0.0
0.0
6.0
32.2
0.0
0.0
0.0
0.0
0.0
0.0
0.0
1.4
1.0
2.5
0.0
0.0
0.0
1.3
0.0
0.0
0.0
0.0
8.9
0.0
9.0
0.0
0.0
6.9
6.4
4.0
0.0
20.8
1.3
9.4
0.0
0.0
0.0
0.2
19.0
0.0
0.0
0.4
0.0
2.7
0.0
6.3
4.6
2.3
35.4
5.8
0.0
0.0
0.0
0.0
0.0
0.0
0.0
0.0
2.5
28.0
0.0
1.9
1.6
0.0
0.0
0.0
0.0
0.0
0.0
0.0
0.0
0.0
0.0
0.0
0.0
0.0
0.0
0.0
2.5
14.0
0.0
19.2
7.9
0.0
0.0
0.0
0.0
0.0
0.0
0.0
0.0
0.0
0.0
0.0
0.0
0.0
0.0
0.0
0.0
0.0
0.0
0.0
0.0
0.0
0.0
0.0
0.0
0.0
0.0
0.0
0.0
0.0
0.0
0.0
0.0
0.0
0.0
0.0
0.0
0.0
0.0
0.0
0.0
0.0
0.0
2.2
0.0
0.0
0.0
0.0
0.0
0.0
0.0
0.0
0.0
0.0
0.0
0.0
0.0
0.0
0.0
0.0
0.0
0.0
0.0
0.0
0.0
0.0
0.0
0.0
0.0
0.0
0.0
0.0
3.6
0.0
0.0
0.0
0.0
0.0
0.0
0.0
0.0
0.0
0.0
0.0
0.0
0.0
0.0
0.0
0.0
1.1
0.0
0.0
1.1
0.0
0.0
0.0
0.0
0.0
0.0
0.0
0.0
0.0
0.0
0.0
0.0
0.0
0.0
0.0
8.5
0.0
0.0
0.0
1.1
0.0
0.0
0.0
0.0
0.0
8.6
42.9
0.0
0.0
0.0
0.0
0.0
0.0
9.5
0.0
0.0
0.0
17.5
1.4
2.0
0.0
0.0
0.0
0.0
0.0
0.0
0.1
0.0
0.0
0.0
2.5
0.0
0.0
5.6
9.9
0.0
0.0
0.0
0.0
6.4
1.3
0.0
1.5
0.0
0.0
0.0
0.0
0.0
0.0
0.0
0.0
0.0
0.0
0.0
0.0
0.0
0.0
0.0
0.0
0.0
0.0
0.0
0.0
0.0
0.0
0.0
67.3
14.3
1.2
0.0
0.0
0.0
0.0
0.0
0.0
0.0
0.0
0.0
0.0
0.0
0.0
0.0
0.0
0.0
0.0
0.0
0.0
0.0
0.0
0.0
0.0
0.0
0.0
0.0
0.0
0.0
0.0
12.6
3.3
0.0
0.0
0.0
6.2
0.0
0.0
0.0
0.0
0.0
0.0
7.4
8.8
0.0
0.0
0.0
0.0
0.0
0.0
0.0
0.0
0.0
8.4
7.7
0.0
0.0
0.0
0.0
0.0
0.0
0.0
0.0
0.0
0.0
0.0
0.0
0.0
0.0
0.0
0.0
0.0
0.0
0.0
0.0
0.0
0.0
0.0
0.0
0.0
0.0
0.0
0.0
0.0
0.0
4.1
0.0
0.0
5.2
3.2
8.0
0.8
0.0
1.6
32.0
1.8
1.0
0.0
0.0
0.0
0.0
0.0
0.0
0.0
0.0
0.0
0.0
0.0
0.0
0.0
0.2
0.0
0.0
0.0
0.0
0.0
0.0
0.0
0.0
5.9
1.2
0.0
7.2
0.0
0.0
0.0
0.0
0.0
0.0
0.0
3.2
0.0
0.0
0.0
0.0
0.0
0.0
0.1
8.0
22.4
18.4
5.8
4.2
0.0
0.0
0.0
0.0
6.9
11.7
1.2
33.9
8.1
0.0
0.0
0.0
0.0
0.0
0.0
0.0
0.0
0.0
0.0
0.0
0.0
0.0
0.0
0.0
0.0
1.3
9.9
4.7
15.3
0.5
0.0
0.0
0.0
0.0
0.0
2.0
7.2
0.0
0.0
0.0
0.0
0.0
0.0
0.0
0.0
2.0
0.0
0.0
3.3
0.0
0.0
0.0
0.0
0.0
0.0
0.0
0.0
4.0
0.0
0.0
0.0
0.0
0.0
0.0
0.0
0.0
0.0
0.0
0.0
0.0
0.0
0.0
0.0
0.0
0.0
0.0
0.0
0.0
0.0
0.0
0.0
0.0
0.0
0.0
0.0
0.0
0.0
0.0
0.0
0.0
0.0
0.0
0.0
0.0
0.0
0.0
0.0
0.0
0.0
0.0
0.0
0.0
0.0
0.0
0.0
0.0
0.0
0.0
0.0
0.0
0.0
0.0
0.0
0.0
0.0
0.0
0.0
0.0
0.0
0.0
0.0
0.0
0.0
0.0
0.0
0.0
0.0
0.0
0.0
0.0
0.0
0.0
0.0
0.0
0.0
0.0
0.0
0.0
0.0
0.0
0.0
0.0
0.0
0.0
0.0
0.0
0.0
0.0
0.0
0.0
46.0
0.4
6.9
0.0
0.0
0.0
0.0
0.0
1.1
0.0
0.0
0.0
0.0
5.2
2.4
0.0
7.3
1.4
1.8
0.0
2.9
0.0
0.0
0.0
0.0
0.0
0.0
0.0
0.0
0.0
11.3
1.1
0.0
0.0
0.0
9.7
0.0
0.0
0.0
0.0
16.2
0.0
0.0
0.0
0.0
0.0
0.0
0.0
0.0
0.0
0.0
20.7
31.4
30.2
19.5
18.2
0.1
4.0
0.0
0.0
0.0
0.0
0.0
0.0
0.0
0.0
0.0
0.0
0.0
0.0
0.0
0.0
0.0
0.0
0.0
0.0
8.9
0.0
0.9
0.0
3.8
9.4
2.3
0.0
0.0
6.2
0.0
3.8
0.0
7.8
7.0
0.0
0.0
0.0
0.0
15.8
39.0
0.2
0.0
0.0
0.0
0.0
0.0
0.0
0.0
0.0
0.0
0.0
0.0
7.3
4.4
0.0
0.0
0.0
1.8
6.2
4.1
0.0
0.0
0.0
-9999.0
7.3
0.0
1.2
0.0
0.0
2.7
0.0
0.0
0.0
0.0
0.0
2.8
9.8
0.0
30.2
11.4
0.0
28.2
8.8
0.0
0.3
2.1
7.2
13.1
27.1
26.7
3.1
17.2
4.7
26.9
2.8
0.4
0.0
0.0
0.7
0.1
0.0
0.0
0.1
0.0
0.3
0.0
0.0
-9999.0
-9999.0
-9999.0
-9999.0
-9999.0
-9999.0
-9999.0
-9999.0
-9999.0
-9999.0
-9999.0
13.9
39.7
13.9
0.0
0.0
0.0
0.0
0.0
0.0
0.0
0.0
0.0
4.9
-9999.0
-9999.0
0.0
0.0
0.0
1.6
4.8
0.0
0.0
0.0
0.0
0.0
0.0
1.1
0.9
1.9
0.0
0.0
0.0
0.0
0.0
1.4
0.6
1.1
-9999.0
-9999.0
-9999.0
-9999.0
-9999.0
-9999.0
-9999.0
-9999.0
-9999.0
-9999.0
-9999.0
-9999.0
-9999.0
-9999.0
-9999.0
-9999.0
-9999.0
-9999.0
-9999.0
-9999.0
0.0
0.0
0.0
0.0
0.0
0.0
0.0
0.0
0.0
0.0
14.9
0.0
0.0
0.0
0.0
0.0
0.0
0.0
0.0
0.0
0.0
0.0
0.0
0.0
0.0
0.0
0.0
0.0
0.0
0.0
0.0
0.0
0.0
0.0
0.0
0.0
0.0
0.0
0.0
0.0
0.0
0.0
0.0
0.0
0.0
0.0
0.0
2.2
0.0
0.0
0.0
0.0
7.5
0.0
0.0
0.0
0.0
0.0
0.0
0.0
0.0
0.0
0.0
0.0
0.0
-9999.0
0.0
0.0
0.0
0.0
0.0
0.0
0.0
0.0
0.0
0.0
0.0
0.0
0.0
0.0
0.0
0.0
0.0
0.0
0.0
0.0
0.0
0.0
0.0
0.0
0.0
0.0
0.0
-9999.0
-9999.0
-9999.0
-9999.0
-9999.0
-9999.0
-9999.0
-9999.0
-9999.0
-9999.0
-9999.0
-9999.0
-9999.0
-9999.0
-9999.0
-9999.0
-9999.0
-9999.0
-9999.0
-9999.0
-9999.0
-9999.0
-9999.0
-9999.0
-9999.0
0.0
0.0
0.0
0.0
0.0
0.0
0.0
0.0
0.0
0.0
0.0
0.0
0.0
-9999.0
-9999.0
0.0
0.0
0.0
0.0
15.6
0.0
1.6
1.3
1.1
0.0
0.0
0.0
0.0
0.0
0.0
0.0
0.0
6.6
14.9
5.7
2.9
2.1
0.0
0.0
0.0
0.0
0.0
0.0
0.0
0.0
0.0
0.0
0.0
0.0
0.0
0.0
0.0
0.0
0.0
0.0
0.0
10.3
16.7
11.3
0.0
0.0
0.0
0.0
0.0
0.0
0.0
0.0
0.0
0.0
0.0
0.0
0.0
0.0
0.0
0.0
0.0
0.0
0.0
0.0
0.0
0.0
0.0
0.0
0.0
0.0
0.0
0.0
0.0
0.0
0.0
0.0
0.0
1.0
5.9
0.0
0.0
19.7
3.3
0.0
3.1
6.4
0.0
0.0
0.0
0.0
0.0
0.0
0.0
0.0
0.0
3.8
1.9
1.5
3.5
0.0
16.7
0.1
15.5
79.4
43.9
134.1
31.1
59.9
14.7
1.5
23.0
8.1
23.3
1.7
0.4
0.0
0.9
21.5
3.2
14.4
55.2
0.0
0.0
0.0
30.8
35.1
22.6
12.5
0.0
0.9
0.0
0.0
0.0
0.0
-9999.0
-9999.0
6.4
0.0
0.5
26.9
0.2
0.0
0.0
0.0
0.0
0.0
0.0
31.9
10.3
0.0
0.0
10.4
15.9
6.8
24.7
0.0
9.0
5.6
30.5
31.8
54.4
21.9
12.1
7.0
12.0
11.8
8.3
3.5
0.0
13.4
0.0
1.6
2.2
2.8
23.5
16.6
0.0
5.5
5.6
15.7
3.9
0.0
0.0
11.7
0.0
0.2
0.0
0.0
0.0
0.0
0.0
0.0
20.1
18.7
0.0
0.0
0.0
0.0
0.0
0.0
0.0
0.0
0.0
0.0
0.0
0.0
0.0
0.0
0.0
0.0
0.0
0.0
0.0
0.0
0.0
0.0
0.0
7.7
10.5
6.4
12.3
5.6
0.0
0.0
6.6
0.0
0.0
0.0
2.4
-9999.0
0.0
0.0
0.0
0.0
0.0
0.0
0.0
0.0
0.0
0.0
0.0
0.0
0.0
0.0
0.0
0.0
0.0
0.9
0.0
0.0
0.0
0.0
0.0
0.0
0.0
0.0
0.0
0.0
0.0
0.0
2.0
-9999.0
-9999.0
-9999.0
-9999.0
0.0
0.0
0.0
0.0
0.0
0.0
0.0
0.0
6.9
0.0
0.0
1.1
10.5
16.4
0.0
0.0
0.0
0.0
0.0
0.0
0.0
0.0
0.0
0.0
0.0
0.0
0.0
0.0
2.3
0.0
0.0
5.1
1.2
0.0
0.0
0.0
0.0
0.0
0.0
0.0
0.0
0.0
0.0
0.0
0.0
0.0
0.0
0.0
0.0
0.0
0.0
0.0
0.0
0.0
0.0
0.0
0.0
0.0
0.0
0.0
0.0
0.0
0.0
0.0
0.0
0.0
0.0
0.0
0.0
0.0
0.0
0.0
0.0
0.0
0.0
0.0
8.4
1.9
4.5
0.0
0.0
0.0
0.0
0.0
0.0
0.0
0.0
0.0
0.0
0.0
0.0
0.0
0.0
0.0
0.0
0.0
0.0
0.0
0.0
0.0
0.0
0.0
1.0
0.0
0.0
0.0
0.0
19.3
8.4
0.0
1.3
1.8
0.0
0.0
12.7
0.0
0.0
0.0
0.0
0.0
0.0
0.0
0.0
0.0
2.6
0.0
0.0
0.0
0.0
0.0
23.8
0.0
-9999.0
0.0
6.2
0.0
0.0
0.0
0.0
0.0
0.0
0.0
0.0
0.0
0.0
0.0
0.0
0.0
0.0
0.0
0.0
21.5
41.3
0.9
0.0
0.0
0.0
0.0
0.0
0.0
7.5
14.6
0.0
1.3
0.0
0.0
4.9
0.0
1.8
12.9
0.0
0.0
0.0
5.0
0.4
12.6
0.0
0.0
24.9
43.6
16.9
38.9
13.5
2.6
3.0
0.5
0.2
37.7
10.4
25.9
0.0
0.0
0.0
0.0
0.0
0.0
0.0
0.0
0.0
3.3
67.5
4.3
46.5
30.8
9.1
6.4
2.0
1.1
0.0
0.0
0.0
0.0
21.9
26.3
0.0
0.5
0.0
0.0
0.0
0.0
0.0
3.2
1.6
0.0
0.0
0.0
0.0
0.0
0.0
0.0
0.0
0.0
0.0
0.0
0.0
1.0
1.3
0.0
0.2
23.9
5.6
3.3
0.2
0.0
0.0
0.0
0.0
0.0
0.0
0.9
0.0
0.0
0.0
0.0
0.0
0.0
0.0
8.1
1.6
15.0
14.0
15.7
0.0
4.2
0.1
0.2
0.0
0.0
0.0
0.0
0.0
0.0
0.0
1.5
0.0
0.0
9.6
4.7
0.0
0.0
14.3
11.6
45.3
22.9
4.6
2.2
16.4
0.3
0.0
0.0
0.0
0.0
0.0
0.0
1.8
14.2
8.0
0.0
0.0
0.0
0.0
0.0
0.0
0.0
0.0
1.0
0.3
0.0
0.0
0.0
0.0
0.0
0.0
0.0
0.0
0.0
0.0
0.0
-9999.0
0.0
0.0
3.8
0.0
3.3
14.3
6.6
0.0
8.5
1.4
2.5
0.0
14.0
16.3
2.0
8.7
15.9
0.0
0.0
0.0
5.3
3.4
0.0
0.0
0.0
0.0
0.0
0.0
0.0
0.0
0.6
0.0
12.3
6.2
0.8
0.0
0.0
0.0
0.0
0.0
1.6
0.0
0.0
0.0
0.0
0.0
2.5
0.0
0.0
0.0
2.1
0.9
4.8
0.0
0.0
0.0
0.0
0.0
0.0
0.0
0.0
0.0
0.0
0.0
0.0
0.0
0.0
2.2
0.0
0.0
0.0
0.0
0.0
0.0
0.0
0.0
0.0
0.0
0.0
0.0
0.0
0.0
0.0
0.0
0.0
0.0
0.0
0.0
0.0
0.0
0.0
0.0
0.0
0.0
0.0
0.0
0.0
0.0
0.0
0.0
0.0
0.0
0.0
0.0
0.0
0.0
0.0
0.0
0.0
0.0
0.0
0.0
0.0
0.0
0.0
0.0
0.0
0.0
0.0
0.0
0.0
0.0
0.0
0.0
0.0
0.0
0.0
0.0
0.0
0.0
0.0
0.0
0.0
0.0
0.2
0.0
0.0
0.0
0.0
0.0
0.0
0.0
0.0
0.0
0.0
0.0
0.0
0.0
0.0
0.0
0.0
0.0
0.0
0.0
0.0
0.0
0.0
0.0
0.0
0.0
4.4
0.0
0.0
0.0
0.0
0.0
0.0
0.0
0.0
0.0
0.0
0.0
0.0
0.0
0.0
0.0
0.0
0.0
0.0
0.0
0.0
0.0
0.0
0.0
0.0
0.0
0.0
0.0
0.0
7.5
11.5
18.2
0.0
16.1
5.3
0.0
0.0
0.0
0.0
0.0
64.9
34.1
5.8
0.9
0.0
3.1
0.0
0.0
0.0
0.0
0.0
0.0
2.6
0.0
0.0
0.0
2.6
34.0
4.8
1.4
1.0
0.0
0.1
0.0
0.0
0.0
0.0
0.0
0.0
0.0
4.9
0.1
0.1
0.0
0.0
0.0
0.0
0.0
0.0
0.6
0.0
0.0
0.0
0.0
0.7
0.0
0.0
0.0
0.0
0.0
0.0
0.0
0.0
0.0
0.0
0.0
0.0
0.0
0.0
0.0
0.0
0.0
0.0
0.0
0.0
0.0
0.0
0.0
0.0
0.0
0.0
0.0
0.0
0.0
3.9
18.1
0.0
0.0
0.0
1.1
0.0
0.0
0.0
0.0
0.0
0.0
10.0
0.0
0.0
0.0
0.0
0.9
1.5
0.0
0.6
16.0
0.0
0.6
0.0
0.0
0.0
0.0
0.0
0.0
0.0
0.0
9.2
1.0
0.0
0.0
0.0
0.0
0.0
0.0
0.0
0.0
0.1
0.0
0.0
0.0
7.4
2.7
0.0
0.0
0.0
0.0
0.0
0.0
0.0
0.0
0.0
0.0
0.0
0.0
0.0
0.0
0.0
0.0
14.6
1.4
0.0
0.0
0.0
2.2
0.0
0.0
0.0
0.0
0.0
0.0
0.0
0.0
0.0
0.0
4.5
2.1
0.6
0.0
4.4
0.0
0.0
0.0
3.9
14.3
39.7
7.7
0.0
3.5
0.0
6.8
0.0
0.0
0.0
0.0
0.0
0.0
0.0
4.9
12.4
17.9
2.3
0.0
0.0
0.0
0.0
8.0
0.0
0.0
0.0
0.0
-9999.0
-9999.0
-9999.0
-9999.0
-9999.0
0.0
0.0
0.0
0.0
0.0
12.0
0.0
0.0
0.0
0.0
0.0
0.0
0.0
0.0
0.0
0.0
0.0
0.0
0.0
0.0
0.0
0.0
0.0
0.0
0.0
0.0
0.0
0.0
0.0
0.0
0.0
0.0
0.0
0.0
0.0
0.0
0.0
0.0
0.0
0.0
0.0
0.0
0.0
0.0
0.0
0.0
0.0
0.0
0.0
0.0
0.0
0.0
0.0
0.0
0.0
0.0
0.0
0.0
0.0
0.0
0.0
0.0
0.0
0.0
0.0
0.0
0.0
0.0
0.0
0.0
0.0
0.0
0.0
0.0
0.0
0.0
0.0
0.0
-9999.0
-9999.0
-9999.0
-9999.0
-9999.0
-9999.0
0.0
0.0
0.0
0.0
0.0
0.0
0.0
0.0
0.0
0.0
0.0
0.0
0.0
0.0
0.0
0.0
0.0
0.0
0.0
0.0
0.0
0.0
0.0
0.0
0.0
0.0
0.0
0.0
0.0
0.0
0.0
0.0
0.0
0.0
0.0
0.0
0.0
0.0
0.0
0.0
0.0
0.0
0.0
0.0
0.0
0.0
0.0
0.0
0.0
0.0
8.8
35.5
44.2
2.5
0.0
0.0
0.0
0.0
0.0
0.0
0.0
0.0
0.0
0.0
0.0
0.0
0.0
0.0
3.9
0.0
0.0
0.0
8.2
6.7
13.2
0.0
0.0
1.3
16.6
80.2
7.0
0.8
0.0
0.0
24.1
1.8
0.4
28.4
24.7
29.7
55.1
30.1
0.3
3.4
4.4
3.5
13.5
0.0
0.0
0.0
0.0
2.1
31.1
7.4
0.1
1.0
0.0
0.0
0.0
0.0
0.0
5.9
1.7
0.0
0.0
0.0
0.0
0.7
1.7
0.0
0.0
1.0
0.5
0.0
0.0
0.0
0.0
0.0
0.0
1.0
0.0
0.0
0.0
0.0
0.0
0.0
0.0
0.0
0.0
0.0
7.0
0.0
0.0
0.0
0.0
0.0
1.3
0.0
0.0
0.0
0.0
0.0
0.0
0.0
0.0
0.0
0.0
0.0
1.8
5.3
0.0
0.0
19.9
5.4
30.9
43.8
8.7
0.0
18.8
17.0
4.5
14.7
0.0
0.0
0.0
3.9
0.0
0.0
0.0
0.0
0.0
3.2
0.0
0.0
0.0
2.2
0.0
6.7
37.5
0.4
0.0
1.9
0.0
0.0
6.3
7.5
5.4
0.0
7.2
12.5
4.2
0.0
0.0
0.0
9.9
8.0
0.0
0.0
0.0
15.2
19.8
5.8
19.0
0.3
0.0
0.4
4.5
6.0
0.5
0.0
1.3
23.3
10.4
0.0
15.8
0.0
0.0
0.0
11.9
10.0
0.0
0.0
0.0
1.1
30.0
0.0
21.0
5.8
0.2
3.9
2.5
8.6
0.0
0.0
0.0
0.0
0.0
0.0
0.0
0.0
0.0
0.0
0.0
0.0
0.0
0.0
0.0
0.0
1.7
0.0
0.0
0.2
0.0
0.0
5.3
10.4
7.4
0.0
0.0
1.4
0.0
0.0
0.0
0.0
0.0
0.0
0.0
0.0
0.0
0.0
0.0
0.0
1.5
0.0
2.4
0.0
3.6
3.8
0.0
0.0
0.0
0.0
0.0
0.0
0.0
0.0
0.0
0.0
0.0
0.0
0.0
0.0
0.0
0.0
0.0
0.0
0.0
0.0
0.0
0.0
0.0
0.0
0.0
0.0
0.0
0.0
0.0
0.0
0.0
0.0
0.0
0.0
0.0
0.0
0.0
0.0
0.0
0.0
0.0
6.3
0.0
0.0
0.0
0.0
0.0
0.0
0.0
0.0
0.0
2.3
0.0
0.0
0.0
0.0
0.0
0.0
-9999.0
-9999.0
-9999.0
-9999.0
0.0
0.0
0.0
0.0
0.0
0.0
0.0
0.0
0.0
0.0
0.0
0.0
0.0
0.0
0.0
0.0
0.0
0.0
0.0
0.0
0.0
0.0
0.0
0.0
0.0
5.3
0.0
0.0
0.0
0.0
0.0
0.0
0.0
0.0
0.0
0.0
0.0
7.2
0.0
0.0
0.0
0.0
0.0
0.0
0.0
6.3
17.8
0.0
1.6
0.0
0.0
0.0
17.4
0.0
3.9
0.0
3.3
0.0
0.0
0.0
0.0
0.0
0.0
0.0
0.0
0.0
15.9
0.0
0.6
0.0
0.0
2.2
0.0
0.0
0.0
0.0
0.0
0.0
0.0
0.0
0.0
0.0
0.0
0.0
0.0
0.0
0.0
0.0
0.0
0.0
0.0
14.0
0.0
0.0
0.0
0.0
0.0
0.0
0.0
0.0
0.0
0.0
0.0
0.0
0.0
0.0
0.0
0.0
0.0
0.0
0.0
0.0
0.0
11.3
0.0
0.0
0.0
5.0
0.0
0.0
0.0
0.0
1.4
0.0
0.0
0.0
0.0
1.3
0.0
0.0
0.4
0.0
0.0
0.0
0.0
0.0
0.0
0.0
0.0
0.0
0.0
0.0
0.0
0.0
0.0
0.0
0.0
0.0
0.0
25.8
1.4
0.0
0.0
0.0
16.8
23.9
0.4
0.0
0.0
0.0
1.3
0.0
0.0
1.8
0.0
5.0
0.0
0.0
0.0
0.0
0.0
0.0
0.0
0.2
0.0
0.6
0.0
1.6
15.7
22.3
17.1
0.0
6.2
0.0
0.0
0.0
0.0
0.0
0.0
0.1
0.0
2.3
4.4
0.0
0.0
0.0
5.8
1.6
3.5
0.0
6.6
35.2
20.6
24.3
0.3
0.4
0.0
4.4
0.0
0.0
6.6
0.0
0.0
0.1
0.0
1.0
8.7
0.0
0.0
3.1
0.0
87.9
3.8
0.0
0.0
0.5
0.0
0.0
0.0
0.0
0.0
0.0
0.0
1.7
0.5
0.0
0.0
0.0
0.0
0.0
0.0
0.0
0.0
0.0
0.0
11.0
0.0
0.5
0.0
3.2
0.0
0.0
1.2
20.5
12.2
0.0
0.0
0.0
0.0
0.0
0.0
0.0
0.0
0.0
0.0
0.0
0.0
0.0
0.0
0.0
0.0
15.8
3.7
0.0
0.0
1.4
0.0
0.0
0.0
0.0
0.0
0.0
0.0
0.0
0.0
0.0
0.0
0.0
0.0
0.0
0.0
0.0
0.0
0.0
0.0
0.0
0.0
0.0
0.0
0.0
0.0
0.7
8.8
0.0
0.0
0.0
0.0
0.0
0.0
0.0
0.0
0.0
6.3
1.3
0.0
0.0
0.0
0.0
0.0
0.0
0.0
0.0
0.0
0.0
0.0
1.1
1.5
0.0
2.1
0.0
0.0
0.0
0.0
0.0
3.4
0.0
1.6
0.0
0.0
0.0
0.0
0.0
0.0
0.0
0.0
0.0
0.0
0.0
0.0
0.0
0.0
0.0
0.0
0.0
0.0
0.0
0.0
0.0
0.0
0.0
0.0
0.0
0.0
0.0
0.0
0.0
0.0
0.0
0.0
0.0
0.0
0.0
0.0
0.0
0.0
0.0
0.0
0.0
0.0
0.0
0.0
0.0
0.0
0.0
0.0
0.0
0.0
0.0
0.0
0.0
0.0
0.0
0.0
0.0
0.0
0.0
0.0
0.0
0.0
0.0
0.0
-9999.0
0.0
0.0
0.0
0.0
0.0
0.0
0.0
0.0
0.0
0.0
0.0
0.0
0.0
0.0
0.0
0.0
0.0
0.0
0.0
0.0
0.0
0.0
0.0
2.7
0.0
0.0
0.0
0.0
1.8
9.0
1.0
0.9
0.0
0.0
2.3
0.0
0.0
0.0
0.0
0.0
0.0
0.0
1.1
4.8
11.4
10.0
0.7
0.0
0.0
0.0
0.0
0.0
0.0
0.0
0.0
0.0
0.0
0.0
0.0
0.0
0.0
0.0
0.0
0.0
0.0
0.0
17.1
7.7
0.0
2.0
0.0
1.8
0.0
7.2
8.2
0.0
1.9
9.8
0.0
0.0
0.0
0.0
0.0
0.0
0.0
22.3
0.0
0.0
0.0
4.0
34.5
10.0
7.6
0.2
5.7
0.2
1.2
0.7
0.0
0.0
0.0
0.0
0.0
0.8
0.0
0.0
21.2
10.6
0.1
0.0
0.0
0.0
0.0
0.0
0.0
0.0
0.0
0.0
0.0
0.0
0.0
0.2
0.0
0.0
0.0
2.6
0.0
0.0
0.0
0.0
0.0
0.0
0.0
0.0
0.0
0.0
0.0
0.0
0.0
1.7
0.0
1.4
23.9
0.1
0.0
36.7
3.3
0.0
1.2
1.5
0.0
0.0
0.0
2.7
28.6
23.9
0.0
2.7
8.7
12.3
0.0
0.0
0.0
2.3
0.8
0.0
14.2
3.2
0.0
11.8
2.2
1.2
14.8
0.0
0.7
0.0
0.2
0.0
0.0
0.0
3.0
0.0
1.2
0.0
0.0
0.0
0.0
0.0
0.0
0.0
0.0
0.0
0.0
0.0
0.0
0.0
0.0
0.0
0.0
0.0
8.2
2.1
0.7
15.3
5.9
8.9
11.8
3.3
8.5
0.0
0.0
0.0
0.0
0.0
0.0
0.0
0.0
0.0
0.0
0.7
0.0
0.0
25.3
4.3
5.6
4.1
0.1
0.0
8.5
5.3
0.0
0.0
0.0
0.0
0.0
0.6
0.0
0.0
0.0
1.1
12.7
1.2
0.0
0.0
0.0
0.0
0.0
0.0
0.0
0.0
0.0
0.0
0.0
0.0
0.0
0.0
0.0
0.0
0.0
0.0
0.0
0.0
0.0
0.0
2.3
0.0
0.0
7.3
0.0
0.0
0.0
0.0
0.0
2.2
8.9
9.2
8.9
0.0
0.0
0.0
0.0
5.5
0.0
0.0
0.0
0.0
-9999.0
-9999.0
0.0
0.0
5.2
0.0
0.0
0.0
0.0
0.0
0.0
0.0
1.1
2.3
0.0
0.0
0.0
0.0
0.0
0.0
0.0
0.0
0.0
0.0
0.0
0.0
0.0
0.0
0.0
0.0
0.0
0.0
0.0
0.0
0.0
0.0
0.0
0.0
0.0
0.0
0.0
0.0
0.0
0.0
0.0
0.0
0.0
0.0
0.0
0.0
0.0
0.0
0.0
0.0
0.0
0.0
0.0
0.0
0.0
0.0
0.0
0.0
0.0
0.0
0.0
0.0
0.0
0.0
0.0
0.0
0.0
0.0
0.0
0.0
0.0
0.0
0.0
0.0
0.0
0.0
0.0
0.0