13 7 2006
852 
0.0
0.0
0.0
0.0
0.0
0.7
0.1
0.0
0.0
0.0
0.0
0.0
0.0
0.0
0.0
0.0
0.0
0.0
0.0
0.0
0.0
0.0
0.0
0.0
0.0
14.8
0.7
0.0
0.0
0.0
0.0
0.0
0.0
0.0
0.0
1.3
0.0
0.0
0.0
0.0
0.0
0.0
0.0
0.0
0.0
0.0
0.0
0.0
0.0
0.0
0.0
0.0
0.0
0.0
0.0
0.0
1.9
0.0
1.9
1.0
19.7
4.7
7.3
0.0
0.0
0.0
0.0
0.0
0.0
0.0
0.0
3.4
12.0
0.1
0.0
0.0
0.0
0.0
0.0
0.0
0.0
0.0
0.0
0.0
0.0
0.0
0.0
0.0
0.0
0.0
0.0
0.0
0.0
0.0
0.0
0.0
0.0
0.6
0.3
0.1
0.2
0.1
0.0
0.2
0.1
0.1
0.1
0.0
0.0
0.0
8.3
0.0
16.0
7.8
0.4
0.4
10.0
25.2
28.1
0.3
0.0
0.0
0.0
0.0
0.0
0.3
20.1
3.8
2.9
2.3
0.1
0.0
0.0
0.0
0.0
2.0
0.7
3.0
0.4
0.0
0.1
-9999.0
0.0
1.5
0.1
4.2
0.0
0.2
0.4
0.0
0.0
0.0
0.0
0.0
0.0
0.0
1.3
0.5
0.0
0.0
0.0
0.0
0.2
0.0
1.0
0.0
0.0
0.0
0.2
0.2
1.5
4.9
0.7
0.0
0.0
0.0
0.0
0.0
0.0
0.0
0.0
0.0
0.0
0.0
0.0
0.0
0.0
0.0
0.0
0.0
0.0
0.0
0.0
0.0
0.0
0.0
0.0
0.0
0.2
0.0
18.0
0.5
0.6
1.5
4.2
3.6
0.1
1.6
0.1
0.9
8.8
0.6
0.1
0.2
0.6
0.0
0.0
0.0
0.1
0.0
0.0
2.0
1.0
4.0
1.9
0.0
0.0
0.1
0.0
0.0
0.0
0.0
0.0
0.0
0.0
0.0
0.2
5.4
0.9
0.0
0.0
0.0
0.0
0.0
0.0
0.0
0.0
0.0
0.0
0.6
0.0
0.0
0.0
0.0
0.0
0.0
1.8
2.5
0.0
0.0
12.5
4.0
0.0
1.3
6.4
0.0
0.3
0.0
0.1
5.5
12.4
2.5
2.5
7.3
1.9
0.1
3.9
1.5
0.0
1.2
7.5
0.1
6.2
-9999.0
0.0
0.0
0.0
0.0
2.8
0.0
0.0
0.0
0.0
21.9
0.1
4.9
8.3
0.7
0.1
0.0
0.0
0.0
0.0
0.0
0.0
0.0
0.0
0.0
0.0
0.0
0.0
0.0
0.4
5.7
0.0
0.6
5.7
3.8
0.0
0.0
0.0
0.0
0.0
0.0
0.0
0.0
0.0
0.0
0.0
0.0
0.0
0.0
0.0
0.0
0.0
0.0
0.0
0.0
0.0
0.0
0.0
0.0
0.0
0.0
0.0
0.0
0.0
0.0
0.1
0.0
0.0
0.0
0.0
0.0
0.0
0.0
0.0
0.0
0.0
0.0
0.0
0.0
0.0
0.0
0.0
0.0
0.0
0.0
0.0
0.0
0.0
0.0
0.0
0.0
0.0
0.0
0.0
0.0
0.0
0.0
0.0
0.0
0.0
0.0
0.0
0.1
0.0
0.1
0.5
0.6
6.4
0.0
0.0
10.6
0.0
0.0
0.0
0.0
0.0
0.0
0.0
0.0
0.0
0.0
0.0
25.0
0.0
0.1
1.7
0.1
0.0
0.0
0.0
0.0
0.0
0.0
0.0
0.0
0.0
0.0
0.0
0.0
0.0
0.0
2.8
-9999.0
0.0
-9999.0
0.0
0.0
0.0
0.0
0.0
0.0
3.1
38.0
0.0
0.0
0.0
0.0
0.0
0.0
11.2
0.0
0.0
0.0
16.5
0.0
4.7
0.1
0.1
0.0
0.0
0.0
0.0
0.1
0.0
0.0
0.0
0.5
4.2
0.1
9.4
7.5
0.2
0.0
0.0
0.0
3.2
0.4
0.4
0.7
2.9
0.0
0.0
0.0
0.0
0.0
0.0
0.0
0.0
0.0
0.0
0.4
0.0
0.0
0.0
0.0
0.0
-9999.0
0.0
0.0
0.0
0.0
0.0
33.0
16.3
0.3
0.2
0.3
0.0
0.8
0.1
0.4
1.3
1.9
0.5
0.0
0.0
0.0
0.0
0.0
0.0
0.0
0.0
0.0
0.0
0.0
0.0
0.0
0.0
0.0
0.0
0.0
0.0
0.0
0.1
0.5
0.6
0.2
0.5
0.0
0.1
0.1
0.0
0.2
0.1
0.1
2.2
0.3
0.0
5.7
1.8
0.0
0.0
0.0
0.0
0.1
0.2
0.0
2.6
1.3
0.4
0.0
0.0
0.0
0.0
0.0
0.0
0.0
0.0
0.0
0.0
0.0
0.0
0.0
0.0
0.0
0.0
0.0
0.0
0.0
0.0
0.0
0.0
0.0
0.0
0.0
0.0
0.0
0.0
0.6
5.3
1.4
3.5
1.9
9.1
0.6
3.6
2.4
19.6
4.2
1.5
0.0
0.1
1.1
0.2
0.0
0.0
0.0
0.1
0.0
0.0
0.0
0.0
0.0
1.4
0.0
0.0
0.0
0.0
0.0
0.0
0.0
0.0
0.0
0.6
2.9
0.0
0.0
0.0
0.0
0.4
0.1
0.0
0.0
0.6
0.0