24 6 2006
850 
0.0
0.0
0.0
0.0
0.0
0.0
0.0
0.0
0.0
0.0
0.0
0.0
0.0
0.0
0.0
0.0
0.0
0.0
0.0
0.0
0.0
0.0
0.0
0.0
0.0
0.0
0.0
0.0
0.0
0.0
0.0
0.0
0.0
0.0
0.0
0.0
0.0
0.0
0.0
0.0
0.0
0.0
0.0
0.0
0.0
2.1
0.0
0.0
0.0
0.0
0.0
0.0
0.0
0.0
14.9
0.0
0.0
0.0
0.0
0.0
0.0
0.0
0.0
0.0
0.0
0.0
0.0
0.0
0.0
0.0
0.0
0.0
0.0
0.0
0.2
0.0
0.0
0.0
0.0
7.3
0.1
12.5
0.1
0.0
0.0
0.0
0.0
0.0
0.0
0.0
1.7
0.0
-9999.0
0.0
0.0
0.0
0.0
0.0
0.0
0.0
0.0
0.0
0.0
0.0
0.0
0.0
0.0
0.0
0.0
0.0
0.0
0.0
0.0
0.0
0.0
0.0
6.0
7.6
5.8
0.6
0.0
-9999.0
-9999.0
-9999.0
-9999.0
-9999.0
-9999.0
-9999.0
-9999.0
-9999.0
-9999.0
-9999.0
-9999.0
-9999.0
-9999.0
-9999.0
-9999.0
-9999.0
-9999.0
-9999.0
-9999.0
-9999.0
-9999.0
-9999.0
-9999.0
-9999.0
-9999.0
-9999.0
-9999.0
-9999.0
-9999.0
-9999.0
-9999.0
-9999.0
-9999.0
-9999.0
-9999.0
-9999.0
-9999.0
-9999.0
-9999.0
-9999.0
-9999.0
-9999.0
-9999.0
-9999.0
-9999.0
-9999.0
-9999.0
-9999.0
-9999.0
-9999.0
-9999.0
-9999.0
-9999.0
-9999.0
-9999.0
-9999.0
-9999.0
-9999.0
-9999.0
-9999.0
-9999.0
-9999.0
-9999.0
-9999.0
-9999.0
-9999.0
-9999.0
-9999.0
-9999.0
-9999.0
-9999.0
-9999.0
-9999.0
-9999.0
-9999.0
-9999.0
-9999.0
-9999.0
-9999.0
-9999.0
-9999.0
-9999.0
-9999.0
-9999.0
-9999.0
-9999.0
-9999.0
-9999.0
-9999.0
-9999.0
-9999.0
-9999.0
-9999.0
-9999.0
-9999.0
-9999.0
-9999.0
-9999.0
-9999.0
-9999.0
-9999.0
-9999.0
-9999.0
-9999.0
-9999.0
-9999.0
-9999.0
-9999.0
-9999.0
-9999.0
-9999.0
-9999.0
-9999.0
-9999.0
-9999.0
-9999.0
-9999.0
-9999.0
-9999.0
-9999.0
-9999.0
-9999.0
-9999.0
-9999.0
-9999.0
-9999.0
-9999.0
-9999.0
-9999.0
-9999.0
-9999.0
-9999.0
-9999.0
-9999.0
-9999.0
-9999.0
-9999.0
-9999.0
-9999.0
-9999.0
-9999.0
0.0
0.0
0.0
0.0
0.0
0.0
0.0
-9999.0
-9999.0
0.0
0.0
0.0
1.4
0.7
1.2
7.7
3.1
5.4
1.8
3.4
7.4
0.2
4.3
1.1
5.0
0.0
0.1
0.0
14.5
7.0
4.0
1.6
3.0
1.7
0.0
0.3
1.6
0.7
0.5
0.3
0.3
3.3
1.8
0.4
0.0
0.0
0.0
0.0
0.2
41.8
4.8
3.4
0.0
0.0
0.0
-9999.0
-9999.0
-9999.0
-9999.0
-9999.0
-9999.0
-9999.0
-9999.0
-9999.0
-9999.0
-9999.0
-9999.0
-9999.0
-9999.0
-9999.0
-9999.0
-9999.0
-9999.0
-9999.0
-9999.0
-9999.0
-9999.0
-9999.0
-9999.0
-9999.0
-9999.0
-9999.0
-9999.0
-9999.0
-9999.0
-9999.0
-9999.0
-9999.0
-9999.0
-9999.0
-9999.0
-9999.0
-9999.0
-9999.0
-9999.0
-9999.0
-9999.0
-9999.0
-9999.0
-9999.0
-9999.0
-9999.0
-9999.0
-9999.0
-9999.0
-9999.0
-9999.0
-9999.0
-9999.0
-9999.0
-9999.0
-9999.0
-9999.0
-9999.0
-9999.0
-9999.0
-9999.0
-9999.0
-9999.0
-9999.0
-9999.0
-9999.0
-9999.0
-9999.0
-9999.0
-9999.0
-9999.0
-9999.0
-9999.0
-9999.0
-9999.0
-9999.0
-9999.0
-9999.0
-9999.0
-9999.0
-9999.0
-9999.0
-9999.0
-9999.0
-9999.0
-9999.0
-9999.0
-9999.0
-9999.0
-9999.0
-9999.0
-9999.0
-9999.0
0.0
0.0
0.0
-9999.0
0.0
0.0
0.0
0.0
0.0
0.0
0.0
0.0
0.0
0.0
0.0
0.0
0.0
0.0
0.0
-9999.0
0.0
0.0
0.0
0.0
0.0
0.0
0.0
0.0
0.0
0.0
0.0
4.7
1.0
0.1
0.2
0.1
0.0
0.1
0.0
0.0
0.0
0.5
53.4
0.0
1.1
0.0
0.0
0.0
0.0
1.2
1.3
0.0
0.0
0.1
0.2
0.0
0.1
0.4
0.1
0.1
0.1
0.0
0.0
0.0
0.0
0.0
0.0
0.0
0.0
0.0
0.0
0.0
0.0
0.0
0.0
0.0
0.0
0.0
0.0
0.1
0.1
0.0
1.0
0.6
0.0
0.1
0.0
0.0
0.0
0.0
0.0
0.0
0.0
0.0
6.2
0.0
0.0
0.0
0.0
0.0
0.0
1.6
16.0
26.3
6.1
0.0
2.3
2.1
0.3
0.4
0.2
0.0
0.4
-9999.0
0.0
0.1
0.0
0.0
0.0
0.0
0.0
0.0
0.0
0.0
0.0
0.0
0.0
0.0
0.0
0.0
0.0
0.0
0.0
0.0
2.3
3.6
0.0
0.5
0.0
0.1
0.0
0.0
-9999.0
-9999.0
0.4
19.1
4.2
0.0
16.6
4.2
0.0
0.0
0.0
0.0
13.5
0.0
3.3
18.1
4.2
18.5
0.0
0.0
0.0
0.0
0.0
0.0
0.0
0.0
0.0
0.0
0.0
0.0
0.0
0.0
0.0
0.0
0.0
4.1
1.1
0.0
0.0
0.0
0.0
0.0
0.0
-9999.0
0.0
0.0
0.5
0.1
0.0
0.0
0.0
16.1
5.3
2.2
0.2
15.0
0.1
0.1
0.0
0.0
0.0
0.0
0.0
0.0
0.0
-9999.0
2.3
0.0
0.0
0.0
0.0
1.9
0.0
0.0
0.0
0.0
0.1
0.0
0.0
0.0
1.1
2.7
7.4
0.0
0.0
8.8
0.2
0.5
0.4
0.0
0.0
5.8
0.0
0.0
0.0
0.0
0.0
0.0
0.0
10.2
22.5
25.4
8.7
0.0
4.8
0.0
0.0
0.0