16 11 2007
857 
0.0
0.0
0.0
0.0
170.0
206.0
77.0
10.0
23.0
0.0
0.0
0.0
0.0
0.0
0.0
0.0
0.0
0.0
0.0
0.0
0.0
0.0
0.0
0.0
0.0
0.0
0.0
0.0
0.0
0.0
0.0
0.0
46.0
21.0
4.0
11.0
30.0
2.0
4.0
2.0
1.0
114.0
33.0
33.0
0.0
0.0
0.0
66.0
178.0
0.0
0.0
0.0
0.0
0.0
0.0
0.0
0.0
0.0
11.0
96.0
0.0
0.0
0.0
0.0
0.0
0.0
0.0
0.0
0.0
0.0
0.0
0.0
0.0
0.0
0.0
0.0
0.0
0.0
9.0
15.0
0.0
0.0
0.0
0.0
0.0
0.0
0.0
0.0
0.0
0.0
35.0
0.0
0.0
30.0
21.0
128.0
8.0
0.0
0.0
188.0
5.0
1.0
19.0
0.0
34.0
0.0
0.0
0.0
0.0
0.0
0.0
0.0
0.0
0.0
0.0
1.0
0.0
0.0
0.0
-9999.0
-9999.0
0.0
0.0
0.0
0.0
0.0
0.0
0.0
0.0
0.0
0.0
0.0
0.0
0.0
0.0
0.0
0.0
0.0
0.0
0.0
0.0
0.0
0.0
0.0
0.0
0.0
0.0
0.0
0.0
0.0
0.0
0.0
0.0
0.0
0.0
0.0
0.0
0.0
0.0
0.0
0.0
0.0
0.0
0.0
0.0
0.0
0.0
0.0
0.0
0.0
0.0
0.0
0.0
0.0
0.0
0.0
0.0
0.0
0.0
0.0
0.0
0.0
0.0
0.0
0.0
0.0
0.0
0.0
0.0
0.0
0.0
0.0
0.0
0.0
0.0
0.0
0.0
0.0
0.0
0.0
0.0
0.0
0.0
0.0
0.0
0.0
0.0
0.0
0.0
0.0
0.0
0.0
0.0
0.0
0.0
0.0
0.0
0.0
0.0
0.0
0.0
0.0
0.0
0.0
0.0
0.0
0.0
0.0
0.0
0.0
0.0
0.0
0.0
0.0
0.0
0.0
0.0
0.0
0.0
0.0
0.0
0.0
0.0
0.0
0.0
0.0
0.0
0.0
0.0
0.0
0.0
0.0
0.0
0.0
0.0
0.0
0.0
0.0
0.0
0.0
0.0
0.0
0.0
0.0
0.0
0.0
0.0
0.0
0.0
0.0
0.0
0.0
0.0
0.0
0.0
0.0
0.0
0.0
0.0
0.0
0.0
0.0
0.0
0.0
0.0
0.0
0.0
0.0
0.0
0.0
0.0
0.0
0.0
0.0
0.0
0.0
0.0
0.0
0.0
0.0
0.0
0.0
0.0
0.0
0.0
0.0
0.0
0.0
0.0
0.0
0.0
0.0
0.0
0.0
0.0
0.0
0.0
0.0
0.0
0.0
0.0
0.0
0.0
0.0
0.0
0.0
0.0
0.0
0.0
0.0
0.0
0.0
0.0
0.0
0.0
0.0
0.0
0.0
0.0
0.0
0.0
0.0
0.0
0.0
0.0
0.0
0.0
0.0
0.0
0.0
0.0
0.0
0.0
0.0
0.0
0.0
0.0
0.0
0.0
0.0
0.0
0.0
0.0
0.0
0.0
0.0
0.0
0.0
0.0
0.0
0.0
0.0
0.0
0.0
0.0
0.0
0.0
0.0
-9999.0
-9999.0
-9999.0
0.0
0.0
0.0
0.0
0.0
0.0
0.0
0.0
0.0
0.0
0.0
0.0
0.0
0.0
0.0
0.0
0.0
0.0
0.0
0.0
0.0
0.0
0.0
0.0
0.0
0.0
0.0
0.0
0.0
0.0
0.0
0.0
0.0
0.0
0.0
0.0
0.0
0.0
0.0
0.0
0.0
0.0
0.0
0.0
0.0
0.0
0.0
0.0
0.0
0.0
0.0
0.0
0.0
0.0
0.0
0.0
0.0
0.0
0.0
0.0
0.0
0.0
0.0
0.0
0.0
0.0
0.0
0.0
0.0
0.0
0.0
0.0
0.0
0.0
0.0
0.0
0.0
0.0
0.0
0.0
0.0
0.0
0.0
0.0
0.0
0.0
0.0
0.0
0.0
0.0
0.0
0.0
0.0
0.0
0.0
0.0
0.0
0.0
0.0
0.0
0.0
0.0
0.0
0.0
0.0
0.0
0.0
0.0
0.0
0.0
0.0
0.0
0.0
0.0
0.0
0.0
0.0
0.0
0.0
0.0
0.0
0.0
0.0
0.0
0.0
0.0
0.0
0.0
0.0
0.0
0.0
0.0
0.0
0.0
0.0
0.0
0.0
0.0
8.3
2.5
1.8
0.0
0.0
0.0
0.0
0.0
5.4
0.0
0.0
0.0
0.0
0.7
0.0
0.0
0.0
0.0
0.0
0.0
-9999.0
-9999.0
-9999.0
-9999.0
0.0
0.0
0.0
0.0
0.0
0.0
0.0
0.0
0.0
0.0
0.0
0.0
0.0
0.0
0.0
0.0
0.0
0.0
0.0
0.0
0.0
0.0
0.0
1.3
0.0
0.0
0.0
0.0
0.0
0.0
0.0
0.0
0.0
0.1
0.5
0.0
0.0
0.0
0.0
14.4
0.9
0.0
0.0
0.0
0.0
0.4
0.0
0.0
0.0
-9999.0
0.0
0.0
0.0
0.0
0.0
0.0
0.0
-9999.0
-9999.0
0.0
0.0
0.0
0.0
0.0
0.0
0.0
0.0
0.0
0.0
0.0
0.0
0.0
0.0
0.0
0.0
0.0
0.0
0.0
0.0
0.0
0.0
0.0
0.0
0.0
0.0
0.0
0.0
0.0
0.0
0.0
-9999.0
3.9
0.0
0.0
0.0
0.0
0.0
0.0
0.0
-9999.0
0.0
0.0
0.0
0.0
0.0
0.0
0.0
0.0
0.0
0.0
0.0
0.0
0.0
0.0
0.0
0.0
0.0
0.0
0.0
-9999.0
0.0
0.0
0.0
0.0
6.9
12.9
10.0
4.0
0.1
0.0
0.0
0.0
0.0
-9999.0
0.4
0.0
0.0
1.7
19.4
9.3
0.0
-9999.0
-9999.0
-9999.0
-9999.0
-9999.0
-9999.0
-9999.0
0.0
0.0
0.0
0.0
0.0
0.0
0.0
0.0
0.0
0.0
0.0
0.0
0.0
13.4
0.7
1.0
0.0
0.0
0.0
0.0
0.0
0.0
-9999.0
-9999.0
-9999.0
0.0
0.0
0.0
0.0
0.0
0.0
0.0
0.0
0.0
0.0
0.0
0.0
-9999.0
-9999.0
-9999.0
-9999.0
-9999.0
0.0
0.2
0.0
0.0
0.0
0.0
0.0
0.0
0.0
0.0
0.0
18.0
0.1
0.0
-9999.0
0.0
0.0
0.0
0.0
0.0
0.0
0.0
0.0
0.0
0.0
0.0
0.0
0.0
0.0
0.0
24.5
19.2
11.3
75.4
46.2
139.5
63.4
48.6
23.5
0.0
1.0
9.1
20.7
3.8
0.0
0.0
1.1
28.1
0.0
13.2
24.4
0.0
0.0
6.8
0.0
5.3
4.9
1.4
0.0
0.0
0.0
0.0
0.0
0.0
0.0
0.0
4.4
0.0
1.2
24.3
1.8
0.0
0.0
0.0
0.0
0.0
0.0
-9999.0
-9999.0
-9999.0
0.0
0.4
2.9
0.0
1.7
0.0
14.1
10.6
10.3
28.4
24.1
10.2
31.2
0.0
7.0
6.0
21.8
2.0
0.0
0.0
-9999.0
-9999.0
3.7
0.0
28.7
24.0
0.0
1.6
2.7
1.2
10.7
0.0
0.0
0.0
-9999.0
-9999.0
3.5
0.0
0.0
0.0
0.1
0.0
0.0
-9999.0
-9999.0
-9999.0
0.1
0.0
0.0
0.0
0.0
0.0
0.0
0.0
0.0
0.0
0.0
0.0
0.0
0.0
0.0
0.0
-9999.0
0.0
0.0
0.0
0.0
3.5
4.9
10.1
7.7
2.1
0.0
0.0
4.5
0.0
0.0
0.0
0.0
0.0
-9999.0
-9999.0
-9999.0
-9999.0
-9999.0
-9999.0
-9999.0
-9999.0
-9999.0
-9999.0
0.0
0.0
0.7
0.3
0.1
0.3
8.0
0.0
0.0
0.0
0.0
0.0
0.0
0.0
0.0
0.0
0.0
0.0
0.0
0.0
0.0
10.7
0.0
0.0
0.0
0.0
0.0
0.0
0.0
0.0
0.0
0.0
0.0
2.0
0.0
0.0
0.1
2.4
4.2
4.8
0.6
0.0
0.0
0.0
0.0
0.0
0.0
0.0
0.0
0.0
0.0
0.2
0.0
0.0
0.0
0.0
0.2
2.8
0.0
0.0
0.0
0.0
-9999.0
0.0
0.0
0.0
0.0
0.0
0.0
0.0
0.0
0.0
0.0
0.0
0.0
0.0
0.0
0.0
0.0
0.0
0.0
0.0
0.0
0.0
0.0
0.0
0.0
0.0
0.0
0.0
0.0
0.0
0.0
0.0
0.0
1.4
0.3
0.0
6.0
0.0
0.0
2.1
2.8
1.0
0.0
0.0
0.0
0.0
0.0
0.0
0.0
0.0
0.0
0.0
0.0
0.0
0.0
0.0
0.0
0.0
0.0
0.0
0.0
0.0
0.0
0.0
0.0
0.0
0.0
0.0
0.0
0.0
19.4
3.9
0.3
0.1
0.2
0.0
0.0
0.3
0.1
0.1
0.0
0.0
0.0
0.0
0.0
0.0
0.0
0.0
0.1
0.0
0.0
0.0
0.0
0.1
0.2
0.1
0.1
0.1
0.0
0.1
0.0
0.1
0.0
0.0
0.0
-9999.0
0.0
0.1
0.0
0.0
0.0
0.0
0.0
0.0
0.1
0.2
0.0
0.1
0.0
0.0
0.0
0.0
0.0
0.8
4.9
0.0
0.0
0.0
0.0
1.7
0.0
0.0
0.1
0.0
0.0
0.0
0.0
0.0
0.0
0.0
0.1
9.5
22.1
10.7
44.7
21.3
0.5
0.3
0.0
0.0
14.7
16.3
5.2
0.4
0.0
0.0
0.0
0.0
0.0
0.0
0.0
0.0
1.6
52.5
34.0
16.4
39.6
13.3
7.0
0.8
3.9
2.8
0.7
0.0
0.0
6.3
14.7
0.1
0.0
0.0
0.0
0.0
0.0
0.0
0.3
0.0
0.0
0.0
0.0
0.0
0.0
0.0
0.0
0.0
0.0
0.0
0.0
0.0
0.0
0.4
0.1
0.4
1.2
5.7
10.3
3.9
1.6
0.1
0.4
0.0
0.0
0.0
0.0
0.0
0.0
0.0
0.0
0.0
0.0
0.0
5.0
0.2
13.4
0.2
1.4
0.2
2.4
0.0
0.0
31.1
0.0
0.0
0.0
0.0
0.0
0.0
0.0
0.0
0.0
0.3
7.4
0.0
0.0
15.4
13.4
3.1
13.8
0.2
3.9
6.1
0.1
0.0
0.0
0.0
0.0
0.0
0.0
0.8
7.8
0.4
0.0
0.0
0.0
0.0
5.6
0.0
0.0
0.0
0.1
0.3
0.1
0.0
0.0
0.0
0.0
0.0
0.0
0.0
0.0
0.0
0.0
0.0
0.0
0.0
0.7
0.3
0.0
1.3
0.8
0.8
0.6
0.6
0.5
0.5
0.4
0.3
0.4
0.3
0.3
0.4
0.4
0.4
0.4
0.3
0.4
0.3
0.4
0.4
0.4
0.5
0.4
0.5
0.2
0.1
0.2
0.3
0.2
0.4
0.3
0.3
0.2
0.0
0.0
0.1
0.0
0.0
0.0
0.0
0.0
0.0
0.0
0.0
0.0
0.0
0.0
0.0
0.0
0.0
0.0
0.0
0.0
0.0
0.0
0.0
0.0
0.0
0.0
0.0
0.0
1.1
0.0
0.0
0.0
0.0
0.0
0.0
0.0
0.0
0.0
0.1
0.0
0.0
0.0
0.0
0.0
0.0
0.0
0.0
0.0
0.0
0.0
0.0
0.0
0.0
0.0
0.0
-9999.0
-9999.0
0.0
0.0
0.0
0.0
0.0
0.0
0.0
0.0
0.0
0.0
0.0
0.0
0.0
0.0
0.0
0.0
0.0
0.0
0.0
0.0
0.0
0.0
0.0
0.0
0.0
0.0
0.0
0.0
0.0
0.0
0.0
0.0
0.0
-9999.0
0.0
0.0
0.0
0.0
0.0
0.1
0.0
0.0
1.0
1.2
0.8
0.2
0.2
0.1
0.0
0.0
0.0
0.0
0.0
0.0
0.0
0.0
0.0
0.0
0.0
0.0
0.0
0.0
0.0
0.0
0.3
0.2
0.0
0.0
0.0
0.0
0.0
0.0
0.0
0.0
0.0
0.0
0.0
0.0
0.0
0.0
0.0
0.0
0.0
0.0
0.0
0.0
0.0
0.0
0.0
0.0
0.0
0.2
0.1
0.1
0.1
0.1
0.1
0.1
0.1
0.1
0.1
0.1
0.1
0.1
0.1
0.1
0.2
0.1
0.1
0.1
0.1
0.1
0.1
0.2
0.0
0.1
0.1
0.1
0.1
0.1
0.1
0.0
0.1
0.1
0.1
0.0
0.1
0.1
0.1
0.0
0.1
0.0
0.1
0.1
0.0
7.9
0.7
0.9
0.9
0.8
0.4
0.3
0.2
0.2
0.1
0.1
0.2
0.1
0.1
0.0
6.1
2.7
0.8
0.0
0.0
0.0
0.0
0.0
0.0
0.0
0.0
0.0
0.0
0.0
0.0
0.0
0.0
0.0
0.0
0.0
0.0
0.0
0.0
0.0
0.0
0.0
0.0
0.0
0.2
0.0
5.7
1.9
0.0
-9999.0
-9999.0
0.0
0.0
0.0
0.0
0.0
0.0
0.4
0.0
0.0
0.0
0.0
1.0
0.0
0.0
0.1
0.6
0.5
0.1
0.0
0.0
0.0
0.0
0.0
0.0
0.0
0.0
1.9
0.0
0.0
0.0
0.0
0.0
0.0
0.0
0.0
0.0
0.0
0.0
1.5
0.0
8.5
2.2
0.0
0.0
0.0
0.0
0.0
0.0
0.0
0.0
0.0
0.0
0.0
0.0
0.0
0.0
0.0
4.0
6.6
12.1
0.0
0.0
0.0
0.0
0.0
0.0
0.0
0.0
0.0
0.0
0.1
0.0
5.5
0.5
2.7
0.9
0.6
0.0
0.0
0.0
0.0
0.0
0.5
3.1
4.9
4.1
0.0
0.0
0.0
0.0
0.0
0.0
0.0
0.0
0.0
0.0
1.4
8.3
5.5
6.4
5.6
0.0
0.0
0.1
5.1
0.0
0.0
0.0
0.0
0.0
0.0
0.0
0.0
0.0
0.0
0.0
0.0
0.0
0.0
3.1
0.0
-9999.0
0.0
0.0
0.0
0.0
0.0
0.0
0.0
0.0
0.0
0.0
0.0
0.0
0.0
0.0
0.0
0.0
0.0
0.0
0.0
0.0
0.0
0.0
0.0
0.0
0.0
0.0
1.0
0.7
0.1
0.1
0.0
0.0
0.0
0.0
0.0
0.0
0.0
0.0
0.0
0.0
0.0
0.0
0.0
0.0
0.0
0.0
0.0
0.0
0.0
0.0
0.0
0.0
0.0
0.0
0.0
0.0
0.0
0.0
0.0
0.0
0.0
0.0
0.0
0.0
0.0
0.0
0.0
0.0
0.0
0.0
0.0
0.0
0.0
0.0
0.0
0.0
0.0
0.0
0.0
0.0
0.1
0.0
0.0
0.0
0.0
0.0
0.0
0.0
0.0
0.0
0.0
0.0
0.0
0.0
0.0
0.0
0.0
0.0
0.0
0.0
0.0
0.0
0.0
0.0
0.0
0.0
0.0
0.0
0.0
0.0
0.0
0.0
0.0
0.0
0.0
0.0
0.0
0.0
0.0
0.0
0.0
0.0
0.0
0.0
0.0
0.0
0.3
0.4
2.5
0.6
0.5
0.4
0.5
0.4
0.4
0.4
0.4
0.3
0.2
0.2
0.2
0.1
0.1
0.1
0.1
0.1
0.0
0.0
0.0
0.2
0.0
0.1
0.0
0.1
0.0
0.1
0.2
0.1
0.0
0.1
0.1
0.1
0.0
0.1
0.1
0.1
0.0
0.1
0.1
0.0
0.1
0.1
0.1
0.3
0.0
0.1
0.0
0.1
0.0
0.1
0.0
0.0
0.0
0.0
0.0
0.2
0.0
3.2
0.0
0.0
0.0
0.0
0.0
0.0
0.0
0.0
0.0
0.0
0.3
0.0
0.0
0.0
0.0
0.0
0.0
0.0
0.0
0.0
0.0
0.0
0.0
0.0
0.0
0.0
0.0
0.0
3.6
0.7
0.0
0.0
0.0
0.0
1.2
0.0
0.0
0.0
0.0
0.0
0.0
0.0
0.0
0.0
0.0
0.0
0.0
0.0
0.8
0.0
4.2
0.0
5.5
34.5
1.2
0.0
0.0
0.7
0.1
3.6
0.0
0.0
0.0
0.0
0.0
0.0
0.0
0.0
0.0
0.0
0.0
0.0
0.0
0.0
1.1
0.0
-9999.0
0.0
0.0
0.0
0.0
0.0
0.6
2.6
2.2
0.2
6.3
5.2
1.0
0.0
0.0
0.0
0.0
1.7
5.7
0.9
0.0
12.2
14.3
5.2
23.6
0.0
0.3
0.4
0.1
11.4
0.0
0.0
0.0
0.6
14.0
0.0
25.3
0.0
0.0
0.0
0.1
1.1
0.0
0.0
0.2
0.0
0.6
0.0
5.3
0.1
0.0
2.1
6.9
5.7
1.2
0.0
0.0
0.0
0.0
0.0
0.0
0.0
0.0
0.0
0.0
0.0
0.0
0.0
0.1
0.0
0.2
0.0
0.0
2.9
0.0
0.0
3.7
2.5
9.7
4.1
0.0
0.2
0.0
0.0
0.0
0.0
0.0
0.0
0.0
0.0
0.0
0.1
0.0
0.0
0.0
3.4
0.0
0.7
5.8
5.5
0.0
0.0
17.3
0.0
0.0
0.7
0.0
0.0
0.0
0.0
0.0
0.0
0.0
0.0
0.0
0.0
0.0
0.0
0.0
0.0
0.0
0.0
0.0
0.0
0.0
0.0
0.0
0.0
0.0
0.0
0.0
0.0
0.0
0.0
0.0
0.0
0.0
0.0
0.0
0.0
0.0
0.2
0.0
0.0
0.0
0.0
0.0
0.0
0.0
0.0
0.0
0.1
0.0
0.0
0.0
0.0
0.0
0.0
0.0
0.0
0.0
0.0
0.0
0.0
0.0
0.0
0.0
0.0
0.0
0.0
0.0
0.0
0.0
0.0
0.0
0.0
0.0
0.0
0.0
0.0
0.0
0.0
0.0
0.0
0.0
0.0
0.0
0.2
0.0
0.0
0.0
0.0
0.1
0.0
0.0
0.0
0.3
1.7
0.5
31.6
0.0
0.0
0.0
0.0
0.0
0.0
0.0
4.9
7.2
0.0
1.7
0.0
0.0
0.0
4.9
0.0
0.0
0.0
0.0
11.5
0.1
0.0
0.0
0.0
0.0
0.0
0.0
0.0
4.5
0.0
0.0
0.0
0.0
1.1
0.0
0.0
0.0
0.0
0.0
0.0
0.0
0.0
0.0
0.0
0.0
0.0
0.0
0.0
0.0
0.0
0.0
0.0
0.0
1.1
0.0
0.0
0.0
0.0
0.0
0.0
0.0
0.0
0.0
0.0
0.0
0.0
0.0
0.0
0.0
0.0
0.0
0.0
0.0
0.0
0.0
2.7
0.2
0.0
0.0
0.0
0.0
0.0
0.0
0.0
1.9
0.0
0.0
0.0
0.0
0.1
2.9
0.0
0.0
0.3
0.0
0.5
0.3
0.0
0.0
0.0
0.0
0.0
0.0
0.0
0.0
0.0
0.0
0.0
0.0
0.0
0.0
3.8
0.8
0.0
0.0
0.0
1.2
2.2
0.3
0.0
0.0
0.0
0.0
0.0
0.0
0.7
0.0
0.1
0.0
0.0
0.0
0.0
0.0
0.0
0.0
0.0
0.4
0.2
0.0
2.0
1.7
1.2
1.9
5.3
2.6
0.1
0.0
0.0
0.0
0.0
0.1
0.0
0.0
0.0
1.3
0.0
0.0
0.0
0.0
0.1
1.2
0.0
0.0
3.8
0.1
1.4
0.0
0.0
0.0
0.0
1.3
0.0
0.8
0.0
0.0
0.0
0.0
0.0
2.1
1.9
0.0
0.8
0.0
4.6
0.0
0.1
0.0
0.0
0.0
0.0
0.0
0.0
0.0
0.0
0.0
0.5
0.6
0.0
0.0
0.0
0.0
0.0
1.5
0.0
0.0
0.0
0.0
0.0
0.5
0.0
0.0
0.8
0.0
0.0
0.0
1.4
0.5
0.0
0.0
0.0
0.0
0.0
0.0
0.1
0.0
0.0
0.0
0.0
0.0
0.0
0.0
0.0
0.0
2.0
0.7
0.0
0.0
-9999.0
0.0
0.0
0.0
0.0
0.0
0.0
0.0
0.0
0.0
0.0
0.0
0.0
0.0
0.0
0.0
0.0
0.0
0.0
0.0
0.0
0.0
0.0
0.0
0.0
0.0
0.0
0.3
0.0
0.0
0.4
0.0
0.0
0.0
0.0
0.0
0.0
14.7
8.5
0.0
0.0
0.0
0.0
0.0
0.0
0.0
0.0
0.0
0.0
0.0
0.0
0.0
-9999.0
-9999.0
0.4
0.0
0.0
0.0
0.0
0.0
14.0
0.1
0.0
0.0
0.0
0.0
0.0
0.0
0.0
0.0
0.0
0.0
0.0
0.0
0.0
0.0
0.0
0.0
0.0
0.0
0.0
0.0
0.0
0.0
0.0
0.0
0.0
0.0
0.0
0.0
0.0
0.0
0.0
0.0
0.0
0.0
0.0
0.0
0.0
0.0
0.0
0.0
0.0
0.0
0.0
0.0
0.0
0.0
0.0
0.0
0.0
0.0
0.0
0.0
0.0
0.0
0.0
0.0
0.0
0.0
0.0
0.0
0.0
0.0
0.0
0.0
0.0
0.0
0.0
1.5
0.0
0.0
0.0
0.0
0.0
0.0
0.0
0.0
0.0
0.0
0.0
0.0
0.0
0.0
0.0
0.5
0.0
0.0
0.0
0.0
1.8
0.0
0.0
0.0
0.0
12.9
5.8
0.1
6.9
36.3
0.0
0.2
0.0
0.0
0.0
0.0
0.0
0.0
0.0
0.0
7.1
1.7
17.5
0.0
0.0
0.0
0.0
0.0
0.0
0.0
0.0
0.0
0.0
0.0
0.0
0.0
0.0
0.0
0.0
0.0
0.0
0.0
0.0
19.4
11.3
0.5
0.0
0.0
0.7
0.0
0.0
9.9
0.0
0.3
9.2
0.0
0.0
0.0
0.0
0.0
0.0
0.0
2.1
0.0
0.0
9.6
0.1
25.8
11.0
4.2
0.0
3.1
0.4
1.4
0.0
0.0
0.0
0.0
0.0
0.0
0.0
0.0
0.0
6.5
5.3
2.2
0.0
0.0
0.0
0.0
0.0
0.0
0.0
0.0
0.0
0.0
0.0
0.0
0.0
0.0
0.0
0.0
0.0
0.0
0.0
0.0
0.0
0.0
0.0
0.0
0.0
0.0
0.0
0.0
0.0
0.0
2.7
1.4
0.0
0.4
5.1
3.1
0.0
0.7
0.8
2.4
0.1
0.0
0.0
0.0
0.0
0.0
0.9
0.5
0.7
0.1
0.0
0.0
0.3
0.1
4.0
2.0
2.1
0.8
7.8
7.5
0.0
0.1
0.0
0.0
6.9
3.3
0.5
0.1
0.0
0.0
0.0
0.0
0.0
0.0
0.0
0.0
0.0
0.0
0.0
0.0
0.0
0.0
0.0
0.0
0.0
0.0
0.0
0.0
0.0
5.5
0.2
0.0
6.0
0.3
15.1
16.7
11.3
7.7
8.1
3.0
2.1
0.0
0.0
0.0
0.0
0.0
0.0
0.0
0.0
0.1
0.8
0.5
0.5
14.4
2.2
5.3
2.5
0.0
0.0
4.2
5.0
0.0
0.0
0.0
0.0
0.0
0.2
0.0
0.0
0.0
1.4
5.6
0.0
0.0
0.0
0.0
0.0
0.0
0.0
0.0
0.0
0.0
0.0
0.0
0.0
0.0
0.0
0.0
0.0
0.0
0.0
0.0
0.0
0.2
0.0
11.8
0.0
0.0
4.4
0.0
0.0
0.0
0.0
0.0
0.0
2.8
0.4
13.4
0.0
0.0
0.0
0.0
0.0
0.0
0.0
0.0
0.0
0.1
0.0
0.0
0.0
7.6
0.0
0.0
0.0
0.0
0.0
0.0
0.0
0.0
0.0
0.0
0.0
0.0
0.0
0.0
0.0
0.0
0.0
0.0
0.0
0.0
0.0
0.0
0.0
0.0
0.0
0.0
0.0
0.0
0.0
0.0
0.0
0.0
0.0
0.0
0.0
0.0
0.0
2.5
0.0
0.0
0.0
0.0
0.0
0.0
0.0
0.0
0.0
0.0
0.0
0.0
0.0
0.0
0.0
0.0
0.0
0.4
0.0
0.0
0.0
0.0
0.0
0.0
0.0
0.0
0.0
0.0
0.0
0.0
0.0
0.0
0.0
0.0
0.0
0.0
0.0
0.0
0.0