1 1 2008
855 
0.0
0.0
0.0
0.0
0.0
0.0
0.0
0.0
0.0
0.0
0.0
0.0
0.0
0.0
0.0
-9999.0
-9999.0
-9999.0
-9999.0
-9999.0
-9999.0
-9999.0
0.0
0.0
0.0
0.0
0.0
0.0
0.0
0.0
0.0
0.0
0.0
1.0
5.0
0.0
0.0
0.0
0.0
0.0
0.0
0.0
0.0
0.0
0.0
52.0
0.0
0.0
0.0
22.0
6.0
0.0
1.0
163.0
0.0
1.0
0.0
0.0
4.0
1.0
0.0
0.0
0.0
0.0
0.0
0.0
0.0
0.0
0.0
9.0
0.0
-9999.0
0.0
-9999.0
-9999.0
0.0
0.0
0.0
0.0
0.0
0.0
0.0
0.0
0.0
0.0
0.0
0.0
0.0
0.0
0.0
0.0
0.0
0.0
0.0
0.0
0.0
0.0
0.0
0.0
0.0
0.0
0.0
0.0
0.0
0.0
0.0
0.0
0.0
0.0
0.0
0.0
0.0
0.0
0.0
0.0
0.0
0.0
0.0
0.0
0.0
0.0
0.0
0.0
0.0
0.0
0.0
0.0
0.0
0.0
0.0
0.0
0.0
0.0
0.0
0.0
0.0
0.0
0.0
0.0
0.0
0.0
0.0
0.0
0.0
0.0
0.0
0.0
0.0
0.0
0.0
0.0
0.0
0.0
0.0
0.0
0.0
0.0
0.0
0.0
0.0
0.0
0.0
0.0
0.0
0.0
0.0
0.0
0.0
0.0
0.0
0.0
0.0
0.0
0.0
0.0
0.0
0.0
0.0
0.0
0.0
0.0
0.0
0.0
0.0
0.0
0.0
0.0
0.0
0.0
0.0
0.0
0.0
0.0
0.0
0.0
0.0
0.0
0.0
0.0
0.0
0.0
0.0
0.0
0.0
0.0
0.0
0.0
0.0
0.0
0.0
0.0
0.0
0.0
0.0
0.0
0.0
0.0
0.0
0.0
0.0
0.0
0.0
0.0
0.0
0.0
0.0
0.0
0.0
0.0
0.0
0.0
0.0
0.0
0.0
0.0
0.0
0.0
0.0
0.0
0.0
0.0
0.0
0.0
0.0
0.0
0.0
0.0
0.0
0.0
0.0
0.0
0.0
0.0
0.0
0.0
0.0
0.0
0.0
0.0
0.0
0.0
0.0
0.0
0.0
0.0
0.0
0.0
0.0
0.0
0.0
0.0
0.0
0.0
0.0
0.0
0.0
0.0
0.0
0.0
0.0
0.0
0.0
0.0
0.0
0.0
0.0
0.0
0.0
0.0
0.0
0.0
0.0
0.0
0.0
0.0
0.0
0.0
0.0
0.0
0.0
0.0
0.0
0.0
0.0
0.0
0.0
0.0
0.0
0.0
0.0
0.0
0.0
0.0
0.0
0.0
0.0
0.0
0.0
0.0
0.0
0.0
0.0
0.0
0.0
0.0
0.0
0.0
0.0
0.0
0.0
0.0
0.0
0.0
0.0
0.0
0.0
0.0
0.0
0.0
0.0
0.0
0.0
0.0
0.0
0.0
0.0
0.0
0.0
0.0
0.0
0.0
0.0
0.0
0.0
0.0
0.0
0.0
0.0
0.0
0.0
0.0
0.0
0.0
0.0
0.0
0.0
0.0
0.0
0.0
0.0
0.0
0.0
0.0
0.0
0.0
0.0
0.0
0.0
0.0
0.0
0.0
0.0
0.0
0.0
0.0
0.0
0.0
0.0
0.0
0.0
0.0
0.0
0.0
0.0
0.0
0.0
0.0
0.0
0.0
0.0
0.0
0.0
0.0
0.0
0.0
0.0
0.0
0.0
0.0
0.0
0.0
0.0
0.0
0.0
0.0
0.0
0.0
0.0
0.0
0.0
0.0
0.0
0.0
0.0
0.0
0.0
0.0
0.0
0.0
0.0
0.0
0.0
0.0
0.0
0.0
0.0
0.0
0.0
0.0
0.0
0.0
0.0
0.0
0.0
0.0
0.0
0.0
0.0
0.0
0.0
0.0
0.0
0.0
0.0
0.0
0.0
0.0
0.0
0.0
0.0
0.0
0.0
0.0
0.0
0.0
0.0
0.0
0.0
0.0
0.0
0.0
3.0
0.8
1.0
9.6
6.0
0.1
0.0
0.0
0.0
0.0
1.9
6.2
0.0
0.0
0.0
0.0
0.0
0.0
0.0
0.0
0.0
0.0
-9999.0
-9999.0
-9999.0
-9999.0
0.0
2.1
0.0
0.0
0.0
0.0
0.0
0.0
0.0
0.0
0.0
0.0
0.0
0.0
0.0
0.0
0.0
0.0
17.0
0.0
0.0
-9999.0
0.0
0.0
0.0
1.4
0.0
0.0
0.0
0.0
0.0
2.6
0.0
0.0
10.5
0.0
0.0
0.0
0.0
0.0
0.5
0.0
0.0
0.0
0.0
0.0
0.0
0.0
0.0
0.0
0.0
0.0
0.0
0.0
0.0
0.0
0.0
0.0
0.0
0.0
0.0
0.0
0.0
0.0
0.0
0.0
0.0
0.0
0.0
0.0
0.0
0.0
0.0
0.0
0.0
0.0
0.0
0.0
0.0
0.0
0.0
0.0
0.0
0.0
1.2
0.0
0.0
0.0
0.0
0.0
4.8
6.4
0.0
1.3
0.0
0.0
0.0
0.0
0.0
0.0
0.0
0.0
0.0
0.0
0.0
0.0
0.0
0.0
0.0
0.0
0.0
0.0
0.0
0.0
0.0
0.0
0.0
0.0
0.0
0.0
0.0
0.0
0.0
0.0
12.7
2.1
20.2
11.0
0.1
0.0
0.0
0.0
0.0
-9999.0
-9999.0
0.0
0.0
1.8
16.1
3.6
0.0
-9999.0
-9999.0
-9999.0
-9999.0
-9999.0
0.0
0.0
0.0
0.0
-9999.0
-9999.0
-9999.0
-9999.0
-9999.0
0.0
0.0
0.0
0.0
0.0
0.0
17.0
6.2
17.7
0.0
0.0
0.0
0.0
-9999.0
0.0
0.0
-9999.0
-9999.0
0.0
0.0
0.0
0.0
0.0
0.5
0.1
0.0
0.0
0.0
0.0
0.0
0.0
-9999.0
-9999.0
-9999.0
-9999.0
-9999.0
0.0
0.0
0.0
0.0
0.0
0.0
1.9
10.4
0.0
0.1
10.4
0.0
0.0
-9999.0
0.0
0.0
0.0
0.0
0.0
0.0
0.0
0.0
0.0
0.0
0.0
0.0
1.4
0.0
-9999.0
-9999.0
-9999.0
6.0
46.0
20.6
50.1
31.6
17.4
30.9
0.0
17.6
6.3
9.3
0.0
0.0
0.2
0.9
0.5
0.0
0.0
0.0
0.0
0.0
0.0
0.0
21.7
34.9
0.0
0.7
0.0
0.0
0.0
0.0
0.0
0.0
0.0
0.2
2.1
0.2
0.0
1.1
0.4
0.0
0.0
0.0
0.0
0.0
-9999.0
-9999.0
-9999.0
0.0
6.9
14.0
0.0
18.7
0.0
0.0
0.0
3.8
5.3
0.4
0.0
2.4
0.0
8.4
1.8
17.3
7.4
2.7
0.0
-9999.0
-9999.0
0.0
0.0
7.2
10.4
4.8
0.7
0.6
4.2
0.1
2.8
0.0
0.0
-9999.0
-9999.0
0.6
0.0
0.0
0.0
0.1
1.3
0.0
-9999.0
-9999.0
0.0
0.0
0.0
0.0
0.0
0.0
1.3
0.5
0.0
0.0
0.0
0.0
0.0
0.1
0.0
0.0
0.0
0.0
0.0
0.1
0.0
0.0
2.1
6.6
2.7
9.9
1.6
0.0
0.0
7.2
1.3
0.0
0.0
0.0
0.0
-9999.0
-9999.0
-9999.0
-9999.0
-9999.0
-9999.0
-9999.0
-9999.0
-9999.0
-9999.0
0.0
0.0
0.3
2.5
3.2
0.0
0.1
0.1
0.7
0.0
0.0
0.0
0.0
0.0
0.0
0.0
0.6
0.0
0.0
0.0
0.0
7.8
0.0
0.0
0.0
0.0
0.0
0.0
0.0
0.0
0.0
0.0
0.0
9.8
0.0
0.0
3.6
9.6
5.0
0.0
0.7
0.0
0.0
0.0
0.0
0.0
0.0
0.0
0.0
0.0
0.0
0.3
0.9
0.0
-9999.0
-9999.0
0.3
2.6
0.0
0.0
0.0
0.0
-9999.0
0.0
0.0
0.0
0.0
0.0
0.0
0.0
0.0
0.0
0.0
0.0
0.0
0.0
0.0
0.0
0.0
0.0
0.0
0.0
0.0
0.0
0.0
0.0
0.0
0.0
0.0
0.0
0.0
0.0
0.0
0.0
0.0
0.0
0.1
0.0
0.0
0.0
0.0
5.5
2.6
1.7
0.0
0.0
0.0
0.0
0.0
0.0
0.0
0.0
0.0
0.0
0.0
0.0
-9999.0
0.0
0.0
0.0
0.0
0.0
0.0
0.0
0.0
0.0
0.0
0.2
0.0
0.0
0.0
0.0
7.8
5.9
0.0
0.1
0.7
0.0
0.0
4.1
0.0
0.0
0.1
0.0
0.0
0.0
0.0
0.0
0.4
5.5
0.0
0.0
0.0
0.1
0.0
18.7
0.3
0.8
0.8
3.2
0.0
0.0
0.0
0.0
0.0
-9999.0
0.0
-9999.0
0.0
0.0
0.0
0.0
0.0
0.0
0.0
0.5
25.9
2.2
7.6
1.3
0.0
0.0
0.0
0.0
0.0
27.4
35.4
0.0
0.1
0.0
0.0
7.9
0.0
0.0
7.1
0.0
0.1
0.2
0.0
0.0
10.9
3.2
0.0
4.5
7.9
0.0
10.9
2.9
0.0
0.0
-9999.0
0.2
25.8
7.5
16.7
0.4
0.0
0.0
0.0
0.0
0.0
0.0
0.0
0.0
5.4
37.7
10.8
12.5
12.1
2.0
0.8
0.0
0.0
0.0
0.0
0.0
0.0
0.3
8.6
2.4
1.1
0.0
0.0
0.0
0.0
4.9
0.0
0.0
0.0
0.4
0.0
0.0
0.0
0.0
0.0
0.0
0.0
0.0
0.0
0.0
0.0
0.0
0.6
0.1
0.6
0.2
0.0
0.0
0.0
0.0
0.0
0.0
0.0
0.0
0.0
0.0
0.0
0.0
0.0
0.0
0.0
0.0
0.0
0.0
7.2
0.0
0.0
0.0
11.4
0.0
0.1
0.0
0.0
0.0
0.0
0.0
0.0
0.0
0.0
0.0
0.0
0.1
0.7
0.1
0.0
0.0
1.3
9.3
4.3
0.7
0.0
0.6
0.2
0.0
0.0
0.0
0.0
0.0
0.0
0.0
4.3
0.3
0.0
0.0
0.0
0.0
0.3
0.0
0.0
0.0
0.9
1.9
0.0
0.0
0.0
0.0
0.0
0.0
0.0
0.0
0.0
0.0
0.0
0.0
0.0
0.0
3.5
0.1
0.3
2.1
1.5
2.6
2.7
0.1
1.8
3.9
2.9
11.6
0.7
6.5
27.7
0.6
0.5
0.0
0.2
4.3
0.0
0.0
0.0
0.2
0.5
0.0
0.0
0.0
0.1
0.0
3.0
5.1
0.5
0.0
0.0
0.0
0.0
0.0
1.1
0.4
0.0
0.0
0.0
0.0
2.7
0.1
0.3
0.0
0.2
6.4
3.2
0.0
0.3
0.0
0.0
0.0
0.0
0.0
0.0
0.0
0.0
0.0
0.0
0.0
0.0
0.0
0.0
0.0
0.0
0.0
0.0
0.0
0.0
0.0
0.0
0.0
0.0
0.0
0.0
0.0
0.0
0.0
0.0
0.0
0.0
0.0
0.0
0.0
0.0
0.0
0.0
0.0
-9999.0
-9999.0
0.0
0.0
0.0
0.0
0.0
0.0
0.0
0.0
0.0
0.0
-9999.0
-9999.0
-9999.0
-9999.0
0.0
0.0
0.0
0.0
0.0
0.0
0.0
0.0
0.0
0.0
0.0
0.0
0.0
0.0
0.0
2.2
0.0
0.0
0.0
0.0
0.0
0.0
-9999.0
-9999.0
-9999.0
-9999.0
-9999.0
-9999.0
-9999.0
0.0
0.0
0.0
0.0
0.0
0.0
0.0
0.0
0.0
0.0
0.0
0.0
0.0
0.0
0.0
0.0
0.0
0.0
0.0
0.0
0.0
4.2
0.0
0.0
0.0
0.0
0.0
0.0
0.0
0.0
0.0
0.0
0.0
0.0
0.0
0.0
0.0
0.0
0.0
0.0
0.0
0.0
0.0
0.0
0.0
0.0
0.0
0.0
0.0
0.0
4.5
1.4
6.1
0.0
4.5
14.5
8.9
0.0
0.0
0.0
0.0
9.6
22.7
6.7
0.0
3.6
2.7
0.1
0.0
0.0
0.0
0.0
0.0
3.5
0.0
0.1
0.0
0.8
16.9
15.8
1.6
0.8
1.3
4.4
0.0
0.0
0.0
0.0
0.0
0.0
0.0
0.4
2.3
3.3
0.0
0.0
0.0
0.0
0.0
0.4
0.2
2.2
0.0
0.0
0.0
2.1
0.0
0.0
0.0
0.0
0.0
0.0
0.0
0.0
0.0
0.0
0.0
0.0
0.0
0.0
0.0
0.0
0.0
0.0
0.0
0.0
0.0
0.0
0.0
0.0
0.0
0.0
0.0
0.3
0.0
0.1
0.0
0.0
3.4
0.0
-9999.0
-9999.0
0.0
0.0
0.0
0.0
0.0
0.0
1.7
0.0
0.0
0.0
0.0
0.0
-9999.0
-9999.0
-9999.0
0.1
0.0
0.1
0.1
0.0
0.0
0.0
0.0
0.0
0.0
0.0
1.5
0.0
0.0
0.0
0.0
0.0
0.0
0.0
0.0
0.0
0.0
0.0
0.0
0.0
0.5
1.7
0.0
0.0
0.0
0.0
0.0
0.0
0.0
0.0
0.0
0.0
0.0
0.0
0.0
0.0
0.0
0.0
2.1
3.8
0.2
0.0
0.3
0.0
0.0
0.0
0.0
0.0
0.0
1.0
0.0
1.3
0.1
4.6
0.2
0.1
0.0
0.0
0.1
0.0
0.0
0.4
0.0
0.0
0.0
4.6
7.7
0.0
2.3
0.0
0.0
0.0
0.0
0.0
0.0
0.0
4.5
3.8
6.0
0.9
0.1
0.0
1.6
1.5
21.5
0.1
0.0
0.0
0.0
0.0
0.0
0.0
0.1
0.0
0.0
0.0
0.0
0.0
0.1
1.3
0.7
0.0
0.0
0.0
0.0
0.0
0.0
0.0
0.0
0.0
0.0
0.0
0.0
0.0
0.0
0.0
0.0
0.0
0.0
0.0
0.0
0.0
0.0
0.0
0.0
0.0
0.0
0.0
4.9
3.3
0.0
0.0
0.0
0.0
0.0
0.0
0.0
0.0
0.0
0.0
0.0
0.0
0.0
0.0
0.0
0.0
0.0
0.0
0.0
0.0
0.0
0.0
0.0
0.0
0.0
0.0
0.0
0.0
0.0
0.0
0.0
0.0
0.0
0.0
0.0
0.5
0.0
0.0
0.0
0.0
0.0
0.0
0.0
0.0
0.0
0.0
0.0
0.0
0.0
0.0
0.2
0.0
0.0
0.0
0.0
0.0
0.0
0.0
0.0
0.0
0.0
0.0
0.0
0.0
0.0
0.0
0.0
0.0
0.0
0.0
0.0
0.0
0.0
0.0
0.0
0.0
0.0
0.0
0.0
0.5
0.0
0.0
0.0
0.0
0.0
0.0
0.0
0.0
0.0
0.0
0.0
0.0
0.0
0.0
0.0
0.0
0.0
0.1
11.9
11.6
32.8
2.6
0.0
0.0
0.0
0.0
0.0
0.0
0.0
0.0
0.0
0.0
0.0
0.0
0.0
0.0
2.7
0.0
0.1
0.0
7.5
6.0
17.0
3.0
0.0
0.0
7.5
38.2
10.7
4.4
0.0
0.0
23.7
10.4
3.6
9.7
21.5
40.6
21.1
8.2
2.5
23.7
7.1
0.3
0.0
10.9
1.0
0.0
0.0
0.0
9.4
4.5
0.0
0.0
0.0
0.0
0.0
0.0
0.0
3.7
0.0
0.0
0.0
0.0
0.0
0.4
1.6
0.0
0.0
1.1
8.4
0.1
0.0
0.0
0.0
0.0
0.0
0.7
20.8
0.0
0.0
0.0
0.0
0.0
0.0
0.0
0.0
0.0
0.3
1.4
1.4
0.0
0.0
0.0
0.0
0.5
0.6
0.0
0.1
0.0
0.0
0.0
0.0
0.0
0.0
0.0
0.0
0.0
0.4
0.0
0.0
4.2
27.4
5.2
9.8
0.0
0.0
0.0
0.0
4.3
0.0
4.2
0.0
0.0
0.0
0.0
0.0
0.0
0.0
0.0
0.0
0.0
0.0
0.0
0.2
0.1
-9999.0
0.7
0.0
0.0
0.0
0.0
0.1
0.2
4.5
1.9
10.0
6.7
0.0
0.0
0.5
0.5
0.4
0.0
2.4
0.1
0.9
8.2
8.4
15.8
22.5
6.7
7.1
0.0
0.0
15.1
0.0
0.1
1.0
21.3
26.5
0.0
29.3
1.0
0.0
0.5
0.1
0.0
0.4
2.1
0.8
1.0
23.2
0.0
43.2
1.5
0.4
2.2
1.0
1.3
3.9
0.0
0.0
0.0
0.0
0.0
0.0
0.0
0.0
0.0
0.0
0.0
0.0
0.0
0.0
0.0
1.8
0.0
0.0
5.7
0.1
0.0
0.2
0.8
0.7
4.8
0.0
3.5
0.4
0.1
0.0
0.0
0.0
0.0
0.0
0.0
0.0
0.0
2.3
0.9
0.5
3.1
1.3
1.5
0.3
4.0
6.8
0.0
0.0
0.0
0.0
0.0
0.0
0.0
0.0
0.0
0.0
0.0
0.0
0.1
2.7
0.0
0.0
0.2
0.0
0.0
0.0
0.0
0.0
0.0
0.0
0.0
0.0
0.0
0.0
0.0
0.0
0.0
0.0
0.0
0.0
0.0
0.0
0.0
0.0
0.0
0.0
18.1
0.0
0.0
0.0
0.0
0.0
0.0
0.0
0.0
0.0
3.9
0.0
0.0
0.0
0.0
0.0
0.0
0.0
0.0
0.0
0.0
0.0
0.0
0.0
0.0
0.0
0.0
0.0
0.0
0.0
0.7
0.3
0.0
0.0
0.0
0.0
0.0
0.0
0.0
0.0
0.0
0.0
0.0
0.0
0.0
0.0
0.0
0.0
0.0
0.0
0.0
0.0
0.0
0.0
0.0
0.0
0.0
0.0
4.3
0.0
0.0
0.0
0.0
0.0
0.0
0.0
3.4
11.1
0.0
9.4
0.0
0.1
0.0
0.0
0.0
1.3
0.0
12.2
0.3
0.0
0.0
0.0
0.0
0.0
0.0
0.0
0.0
9.7
1.6
9.9
1.0
0.0
0.8
0.0
0.0
0.0
0.0
0.0
0.0
0.0
0.0
0.0
0.0
0.0
0.0
0.0
0.0
0.0
0.0
0.0
0.0
0.0
9.1
0.0
0.0
0.4
1.1
0.0
0.0
0.0
0.0
0.0
0.0
0.0
0.0
0.0
0.0
0.0
0.0
0.0
0.0
0.0
0.0
0.0
17.2
0.3
0.0
0.0
0.0
0.0
0.3
0.0
0.0
1.0
1.0
0.4
0.1
0.1
0.0
0.0
0.0
0.0
0.0
0.0
0.0
0.1
0.1
0.0
0.0
0.0
0.0
0.0
0.0
0.0
0.0
0.0
0.0
0.0
0.0
0.7
7.5
0.0
4.4
1.1
0.0
13.4
19.4
0.0
7.2
2.1
0.0
0.0
0.0
0.3
0.6
1.9
2.9
0.1
0.0
0.0
0.0
0.0
0.0
0.0
0.0
0.0
2.3
0.0
4.9
0.0
0.0
0.0
0.0
0.0
1.5
0.0
2.9
0.2
0.0
0.0
0.0
0.0
0.2
0.5
0.2
0.2
0.0
2.3
10.7
1.0
0.0
13.1
27.0
0.0
15.0
3.8
1.3
0.0
0.0
6.2
0.0
1.2
3.8
1.2
0.8
0.0
0.1
0.0
0.5
0.0
0.1
0.1
57.6
15.4
0.1
0.0
0.0
0.0
0.0
0.0
0.0
0.0
0.0
0.0
0.0
0.1
0.0
0.0
0.0
0.0
0.5
5.6
0.0
0.2
0.0
0.0
0.0
0.8
0.0
0.0
2.4
1.8
0.0
0.0
4.5
0.0
6.7
0.0
0.0
0.0
0.0
0.0
0.0
0.0
0.0
0.0
0.0
0.2
0.0
0.0
0.0
2.7
12.8
4.8
0.1
0.0
-9999.0
0.3
0.0
0.0
0.0
0.0
0.0
0.0
0.0
0.0
0.0
0.0
0.0
0.0
0.0
0.0
0.7
0.0
0.0
0.0
0.0
0.0
0.0
0.0
0.0
0.0
0.0
4.6
0.7
0.0
0.2
0.1
0.0
0.0
0.0
0.0
0.0
31.1
4.8
0.0
0.0
0.0
0.2
0.0
0.0
0.0
0.0
0.0
0.0
0.0
0.6
0.0
0.0
0.3
0.0
0.0
0.0
0.0
0.0
4.3
0.4
1.7
0.0
0.0
0.0
0.0
0.0
0.0
6.1
0.0
0.0
0.0
0.0
0.0
0.0
0.0
0.0
0.0
0.0
0.0
0.0
0.0
0.0
0.0
0.0
0.0
0.0
0.0
0.0
0.0
0.0
0.0
0.0
0.0
0.0
0.0
0.0
0.0
0.0
0.0
0.0
0.0
0.0
0.0
0.0
0.0
0.0
0.0
0.0
0.0
0.0
0.0
0.0
0.0
0.0
0.0
0.0
0.0
0.0
0.0
0.0
0.0
0.0
0.0
0.0
0.0
0.0
0.0
0.0
0.0
0.0
0.0
0.0
0.0
0.0
0.0
0.0
0.0
0.0
0.0
0.0
0.0
0.0
0.0
0.0
0.1
0.0
0.0
0.0
0.0
2.1
0.1
0.0
0.0
0.1
6.5
3.5
0.5
1.2
0.1
0.0
9.5
0.4
0.0
0.0
0.0
0.0
0.0
0.0
2.7
3.4
3.9
0.0
-9999.0
-9999.0
-9999.0
0.0
0.0
0.0
0.0
0.0
0.0
0.0
0.0
0.0
0.0
0.0
0.0
0.0
0.0
0.0
0.0
0.0
10.0
12.5
1.6
0.1
4.4
1.6
1.6
6.3
17.6
0.4
1.6
17.2
0.5
0.0
0.0
0.0
0.0
0.0
0.7
104.3
0.1
1.0
0.0
0.9
2.8
6.9
1.2
9.7
12.6
1.7
0.1
0.0
0.0
0.2
0.0
0.0
0.0
0.0
0.0
0.0
0.0
0.0
0.0
1.0
9.5
0.0
0.0
0.0
0.0
0.0
0.0
0.0
0.0
0.0
0.0
0.0
0.0
0.0
0.0
0.0
0.0
0.0
0.0
0.0
0.0
0.0
0.0
0.0
0.0
0.0
0.0
0.0
0.0
0.1
0.0
0.0
0.0
0.0
0.0
0.0
0.0
0.0
0.0
0.1
0.1
0.0
0.0
1.1
47.0
29.6
0.0
0.0
0.0
0.0
0.0
0.0
0.1
1.1
0.4
0.4
0.1
4.1
0.6
0.1
0.2
3.2
0.0
0.0
0.2
0.0
0.5
0.1
0.0
0.0
0.0
0.0
0.0
0.0
0.0
0.0
0.0
0.0
0.0
0.0
0.0
0.0
0.0
0.0
0.0
0.0
0.0
0.0
0.0
0.0
0.0
3.2
9.6
3.9
3.7
1.0
0.8
3.1
0.0
7.9
4.5
0.0
0.0
0.0
0.0
0.0
0.0
0.0
0.0
0.0
0.0
0.0
11.4
5.9
4.1
8.3
0.2
0.1
11.8
2.5
0.1
0.0
0.0
0.0
0.0
0.0
0.0
0.0
0.0
1.6
11.3
9.6
0.0
0.0
0.0
0.0
0.0
0.0
0.0
0.0
0.0
0.0
0.0
0.0
0.0
0.0
0.0
0.0
0.0
0.0
0.0
0.0
0.6
0.0
3.9
0.0
0.0
0.0
0.0
0.1
0.0
0.0
0.0
5.5
5.0
0.0
2.3
0.0
0.0
0.0
0.0
0.0
0.0
0.0
3.4
0.0
0.0
0.0
0.0
0.0
1.2
14.2
0.0
0.0
0.0
0.0
0.0
0.0
0.0
4.9
0.0
0.0
0.0
0.0
0.0
0.0
0.0
0.0
0.0
0.0
0.0
0.0
0.0
0.0
0.0
0.0
0.0
0.0
0.0
0.0
0.0
0.0
0.3
0.0
0.0
0.0
0.0
-9999.0
0.0
0.0
0.0
0.0
0.0
0.0
0.0
0.0
0.0
0.0
0.0
0.0
0.0
0.0
0.4
10.7
0.0
0.1
1.1
0.0
0.0
0.0
0.0
0.0
0.0
0.0
0.0
0.9
0.0
0.0
0.0
0.0
0.0
0.0
0.0
0.0
0.0
1.7
0.5
0.0