28 8 2009
803 
0.0
0.0
0.0
0.0
0.0
0.0
0.0
0.0
0.0
0.0
0.0
0.0
0.0
0.0
0.0
0.0
0.0
0.0
0.0
0.0
0.0
0.0
0.0
0.0
0.0
0.0
0.0
0.0
0.0
0.0
0.0
0.0
0.0
0.0
0.0
0.0
0.0
0.0
0.0
0.0
0.0
0.0
0.0
0.0
0.0
0.0
0.0
0.0
0.0
0.6
0.0
0.0
0.0
18.1
1.1
7.8
0.0
0.0
0.0
0.0
0.0
0.0
0.0
0.0
0.0
0.0
0.0
0.0
0.0
0.0
0.0
0.0
0.0
0.0
0.0
0.0
0.0
0.0
0.0
0.0
0.0
0.0
0.0
0.4
0.0
0.0
0.0
0.0
0.0
0.1
0.8
0.0
0.1
18.7
0.0
0.0
0.0
0.1
0.0
0.0
0.0
0.0
0.0
0.0
0.0
0.0
0.0
3.6
0.0
0.0
5.1
0.0
17.7
1.9
5.2
72.4
49.5
138.9
57.6
38.0
32.6
0.1
1.9
3.3
33.6
14.6
3.8
0.0
0.0
39.8
1.8
19.1
31.1
0.0
0.0
10.0
0.0
28.5
19.7
1.5
0.0
0.0
0.0
0.0
0.0
0.0
0.0
0.0
6.1
1.7
7.4
17.6
4.2
0.0
0.0
0.0
0.0
0.0
0.0
13.0
11.2
0.7
0.0
2.1
7.8
0.0
6.5
0.0
9.8
11.3
9.3
34.5
34.7
17.4
19.0
0.0
5.5
7.8
40.7
0.8
2.0
5.9
0.0
0.0
4.7
0.0
33.9
33.1
0.0
1.7
4.0
4.1
15.0
0.8
0.0
7.1
0.2
1.8
1.0
0.1
0.0
0.0
0.0
0.0
17.5
13.2
0.0
0.3
0.2
0.3
0.1
0.0
0.0
3.0
0.0
0.0
0.0
0.0
0.0
0.1
0.1
0.0
0.0
0.1
0.1
0.0
0.3
0.1
0.0
7.9
4.8
3.5
10.4
0.8
0.0
0.0
3.0
0.1
0.0
0.0
0.0
0.0
0.0
0.0
0.0
0.0
0.0
0.0
0.0
0.0
0.0
0.0
0.0
0.0
0.3
0.1
1.1
3.1
0.0
0.0
0.0
0.0
0.0
0.0
0.0
0.0
0.0
0.0
0.0
0.0
0.0
0.0
0.0
0.4
0.0
0.0
0.0
0.0
0.0
0.0
0.0
0.0
0.0
0.0
0.0
11.3
0.0
0.0
0.0
0.9
2.3
0.1
0.1
0.0
0.0
0.0
0.0
0.0
0.0
0.0
0.0
0.0
0.0
0.0
0.0
0.0
0.0
0.0
1.3
2.8
0.1
0.0
0.0
0.0
0.0
0.0
0.0
0.0
0.0
0.0
0.0
0.0
0.0
0.0
0.0
0.0
0.0
0.0
0.0
0.0
0.0
0.0
0.0
0.0
0.0
0.0
0.0
0.0
0.0
0.0
0.0
0.0
0.0
0.0
0.0
0.0
2.0
0.0
0.0
0.0
2.0
0.4
0.0
3.6
2.5
0.5
0.1
0.0
0.0
0.0
0.0
0.0
0.0
0.0
0.0
0.0
0.0
0.0
0.0
0.1
0.1
0.1
0.0
0.0
0.0
1.3
0.0
0.0
0.0
0.0
0.0
0.0
0.0
0.0
20.5
2.5
0.0
0.0
0.1
0.0
0.0
4.6
0.0
0.0
0.1
0.0
0.0
0.0
0.0
0.0
0.0
5.1
0.0
0.0
0.0
0.1
0.0
18.5
0.0
0.0
0.0
1.5
0.1
0.0
0.0
0.0
0.2
0.0
0.0
0.1
0.8
0.2
0.0
0.0
0.0
0.0
0.0
0.0
26.0
1.1
0.0
0.0
0.0
0.0
0.0
0.0
0.1
7.0
6.8
0.0
0.0
0.0
0.0
2.1
0.0
0.0
0.4
0.0
0.1
0.0
0.0
0.0
0.3
0.0
0.0
7.6
35.9
1.7
24.1
9.4
1.6
0.0
0.0
0.0
30.8
8.8
21.6
0.0
0.0
0.0
0.0
0.0
0.2
0.1
0.1
0.0
4.0
75.8
5.1
20.6
39.2
14.7
1.8
0.0
0.0
0.0
0.0
0.0
0.0
16.2
3.5
0.1
0.0
0.0
0.0
0.1
0.1
1.3
1.4
1.1
0.0
0.0
0.0
0.0
0.0
0.0
0.0
0.0
0.0
0.0
1.1
0.5
0.0
0.2
0.0
1.0
10.2
25.3
2.7
0.0
0.0
0.0
0.0
0.0
0.0
0.0
0.0
0.0
0.0
0.0
0.0
0.0
0.0
0.0
8.6
0.2
16.8
7.4
2.9
0.0
2.7
0.0
0.0
0.0
0.0
0.0
0.0
0.0
1.2
0.0
0.1
0.1
0.3
0.1
7.8
0.1
0.0
14.7
13.2
7.3
16.5
2.4
1.2
5.0
0.1
0.0
0.0
0.0
0.0
0.0
0.0
2.6
8.7
0.0
0.1
0.1
0.0
0.0
0.0
0.0
0.0
0.0
0.0
0.2
0.0
0.0
0.0
0.0
0.0
0.0
0.0
0.2
0.0
0.0
0.0
1.1
0.0
0.0
2.6
1.0
0.6
10.9
2.8
1.5
4.3
6.9
2.5
0.0
4.8
8.7
0.7
10.7
14.4
0.0
0.0
0.0
0.0
6.6
0.0
0.0
0.0
2.7
0.0
0.0
0.0
0.0
0.5
0.0
3.2
19.0
8.7
0.0
0.0
0.0
0.0
0.0
0.0
0.2
0.4
0.0
0.0
0.0
4.6
1.1
1.7
0.2
0.0
0.0
0.9
0.0
0.0
0.0
0.0
0.0
0.0
0.0
0.0
0.0
0.0
0.0
0.0
0.0
0.0
0.0
0.0
0.0
0.0
0.0
0.0
0.0
0.0
0.0
0.0
0.0
0.0
0.0
0.0
0.0
0.0
0.0
0.0
0.0
0.0
0.0
0.0
0.0
0.0
0.0
0.0
0.0
0.0
0.0
0.0
0.0
0.0
0.0
0.0
0.0
0.1
0.1
0.0
0.0
0.0
0.1
0.0
0.0
0.0
0.0
0.0
0.0
0.0
0.0
0.0
0.0
0.0
0.0
0.0
0.0
0.0
0.0
0.0
0.0
0.0
0.0
0.0
0.0
0.0
0.0
0.0
0.0
0.1
0.3
0.0
0.0
0.6
0.0
0.0
0.0
0.0
0.0
0.0
0.0
0.0
0.0
0.0
0.0
0.0
0.0
0.0
0.0
0.0
0.0
0.0
0.0
0.0
0.0
2.4
0.0
0.0
0.0
0.0
0.0
0.0
0.0
0.0
0.0
0.0
0.0
0.0
0.0
0.0
0.1
0.0
0.0
0.0
0.0
0.0
0.1
0.0
0.1
0.1
0.2
0.0
0.2
0.0
2.0
2.6
15.6
0.0
9.0
1.3
1.5
0.0
0.1
0.1
0.0
19.6
28.4
20.7
0.0
0.0
0.0
0.0
0.0
0.0
0.0
0.0
0.0
8.7
0.0
0.0
0.0
20.7
51.9
8.8
0.1
0.0
0.1
1.2
0.0
0.0
0.0
0.0
0.0
0.0
0.2
0.2
0.1
0.1
0.0
0.0
0.0
0.0
0.0
0.2
0.0
0.0
0.0
0.1
0.0
0.0
0.0
0.1
0.0
0.0
0.0
0.0
0.0
0.1
0.0
0.0
0.0
0.0
0.0
0.0
0.0
0.0
0.0
0.0
0.0
0.0
0.0
0.2
0.1
0.0
0.0
0.0
0.0
0.0
0.0
1.0
4.7
0.5
0.1
0.1
0.0
0.0
0.0
0.0
0.0
0.0
0.0
12.0
0.1
0.1
0.0
0.0
0.0
0.0
0.0
0.0
0.0
0.0
0.0
0.0
0.0
0.0
0.0
0.0
0.0
0.0
0.0
0.0
4.0
0.1
0.0
0.2
0.2
0.1
0.0
0.0
0.0
0.0
0.0
0.0
0.0
4.2
3.1
0.0
0.0
0.0
0.0
0.0
0.0
1.1
0.0
0.0
0.0
0.0
0.0
0.0
0.0
0.0
0.0
7.9
5.3
0.2
0.1
0.0
0.3
0.0
0.1
0.0
0.0
0.0
0.0
0.0
0.0
0.2
0.3
0.0
0.7
0.8
0.2
0.0
0.0
1.4
0.0
0.0
0.1
10.8
0.5
0.0
0.0
0.0
0.0
0.0
0.0
0.0
0.0
0.0
0.0
0.0
0.7
3.2
8.4
0.4
0.1
0.0
0.0
0.0
8.6
0.0
0.0
0.0
0.0
0.0
0.0
0.0
0.0
0.0
0.0
0.0
0.0
0.0
0.0
3.8
0.0
0.0
0.0
0.0
0.0
0.0
0.0
0.0
0.0
0.0
0.0
0.0
0.0
0.0
0.0
0.0
0.0
0.0
0.0
0.0
0.0
0.0
0.0
0.0
0.0
0.0
0.0
0.0
2.9
0.0
0.0
0.2
0.0
0.0
0.0
0.0
0.0
0.0
0.0
0.0
0.0
0.0
0.0
0.0
0.0
0.0
0.0
0.0
0.0
0.0
0.0
0.0
0.0
0.0
0.0
0.0
0.0
0.0
0.0
0.0
0.0
0.0
0.0
0.1
0.0
0.5
0.0
0.0
0.0
0.0
0.0
0.0
0.0
0.0
0.0
0.0
0.0
0.0
0.0
0.4
0.0
0.0
0.0
0.0
0.0
0.0
0.0
0.0
0.0
0.1
0.0
0.0
0.0
0.0
0.0
0.0
0.0
0.0
0.0
0.0
0.0
0.0
0.0
0.1
0.7
0.0
0.0
0.0
0.0
0.0
0.0
0.0
0.0
0.0
0.0
0.0
0.0
0.0
0.0
0.0
0.0
0.0
0.0
0.0
0.0
0.0
0.0
0.0
0.4
5.2
28.5
11.2
0.0
0.0
0.0
0.0
0.0
0.0
0.0
0.0
0.0
0.0
0.0
0.0
0.0
0.0
0.0
0.2
0.0
0.0
2.2
1.9
4.3
0.0
0.0
0.0
9.4
34.6
17.7
0.1
0.3
0.1
18.9
1.9
1.4
17.3
29.4
25.6
17.4
14.5
5.6
0.6
7.5
0.5
0.4
0.0
0.0
0.0
0.1
0.0
8.6
2.4
0.2
0.0
0.0
0.1
0.2
0.0
0.0
2.7
0.1
0.0
0.0
0.0
0.0
0.0
0.0
0.0
0.0
0.6
0.6
0.1
0.1
0.0
0.0
0.0
0.0
0.0
0.0
0.0
0.0
0.0
0.0
0.1
0.0
0.0
0.0
0.0
1.7
0.0
0.0
0.0
0.0
0.0
0.0
0.0
0.0
0.0
0.0
0.0
0.0
0.0
0.0
0.0
0.0
0.1
0.1
0.0
0.0
0.0
0.2
0.0
9.7
57.4
11.6
0.0
2.9
0.1
0.4
0.2
0.1
0.0
0.0
0.0
0.0
0.0
0.0
0.0
0.0
0.0
0.0
0.0
0.0
0.3
0.0
1.0
0.0
0.0
0.0
0.0
0.0
0.0
0.1
1.5
2.0
0.9
15.9
15.3
1.1
0.0
0.0
0.0
0.0
3.6
7.8
0.1
0.0
13.8
15.8
4.6
43.1
1.0
2.4
3.1
0.0
6.9
0.3
0.0
0.2
4.4
9.4
0.0
26.5
0.0
0.0
0.0
6.2
0.0
0.0
0.2
0.0
0.0
4.5
0.0
7.2
0.0
0.0
2.6
2.3
0.9
0.0
0.0
0.0
0.0
0.0
0.0
0.0
0.0
0.0
0.0
0.0
0.0
0.0
0.0
0.5
0.1
0.9
0.0
0.0
0.1
0.0
0.0
4.9
2.1
11.6
0.0
0.0
0.1
1.2
0.0
0.0
0.0
0.0
0.0
0.0
0.0
0.2
0.1
0.0
0.0
2.8
3.3
0.0
0.0
5.6
3.8
0.0
0.0
0.0
0.0
0.1
0.0
0.1
0.0
0.0
0.0
0.0
0.0
0.0
0.0
0.0
0.0
0.0
0.0
0.0
0.0
0.0
0.0
0.0
0.0
0.0
0.0
0.0
0.0
0.0
0.0
0.0
0.0
0.0
0.0
0.0
0.0
0.0
0.0
0.0
0.0
0.0
0.2
0.0
0.0
0.0
0.0
0.0
0.0
0.0
0.0
3872.9
8630.4
8594.4
1061.6
0.0
0.0
706.9
0.0
1976.3
8077.2
1.2
0.0
0.0
0.0
0.0
0.0
0.0
0.0
0.0
0.0
0.0
0.1
0.0
0.0
0.0
0.0
0.0
0.0
0.0
0.0
0.0
0.0
0.0
0.0
0.0
0.0
0.0
0.0
0.0
0.0
0.0
0.0
0.0
0.0
0.0
1.1
0.3
0.1
0.6
40.4
11.6
0.0
0.0
0.0
0.0
0.1
0.1
5.5
3.5
0.0
0.3
0.0
0.0
0.0
2.6
0.1
0.0
0.0
0.0
3.3
0.3
0.0
0.0
0.1
0.1
0.0
0.0
0.0
4.8
0.3
0.0
0.2
0.0
1.9
0.0
0.0
0.0
0.2
0.1
0.0
0.0
0.1
0.0
0.0
0.0
0.0
0.0
0.0
0.0
0.0
0.0
0.0
0.0
8.0
0.0
0.0
0.0
0.0
0.0
0.0
3.2
0.1
0.0
0.0
0.0
0.0
0.0
0.0
0.0
0.0
0.0
0.0
0.0
0.0
0.0
8.8
0.1
3.3
0.9
0.1
0.0
0.0
0.0
0.0
0.0
0.0
0.0
0.0
0.0
0.0
0.1
0.0
0.1
0.0
0.0
0.0
0.0
0.0
0.0
0.0
0.0
0.0
0.0
0.0
0.0
0.0
0.2
0.0
0.0
0.1
0.0
12.6
0.0
0.0
0.0
0.0
18.9
42.9
0.0
1.9
0.1
0.0
0.0
0.0
0.0
0.2
0.1
3.2
0.0
0.0
0.0
0.0
0.0
0.0
0.0
0.0
0.6
0.0
0.0
1.9
10.3
6.7
9.9
1.7
4.5
3.1
0.8
0.0
0.0
0.0
0.0
0.2
0.0
0.0
0.0
0.0
0.2
0.2
1.2
0.3
4.8
0.1
9.0
51.2
0.2
3.9
0.0
0.0
0.8
0.0
0.2
0.1
4.9
0.0
0.0
0.1
0.0
0.1
6.4
0.0
0.0
0.0
1.7
2.3
0.0
0.0
0.0
0.0
0.0
0.0
0.0
0.0
0.0
0.0
0.0
1.6
0.0
0.0
0.0
0.0
0.0
0.0
0.0
0.0
0.0
0.1
1.6
0.0
0.0
0.0
0.0
8.9
0.1
0.0
0.0
8.5
0.0
0.0
0.0
0.0
0.0
0.0
0.0
0.0
0.4
0.0
0.0
0.0
0.0
0.0
0.0
0.0
0.8
15.8
3.2
0.0
0.0
0.0
0.0
0.0
0.0
0.0
0.0
0.0
0.0
0.0
0.0
0.0
0.0
0.0
0.0
0.0
0.0
0.0
0.0
0.0
0.0
0.0
0.0
0.0
0.1
0.0
0.0
0.0
2.7
0.0
0.0
0.0
0.0
0.0
0.0
0.0
0.0
0.0
5.7
0.2
0.0
0.0
0.0
0.0
0.0
0.0
0.0
0.0
0.0
0.0
0.0
0.0
0.0
0.0
0.0
0.0
0.0
0.0
0.0
0.0
1.5
7.0
0.1
0.0
0.0
0.0
0.0
0.0
0.0
0.0
0.0
0.0
0.0
0.0
0.0
0.0
0.0
0.0
0.0
0.0
0.0
0.0
0.0
0.0
0.0
0.0
0.0
0.0
0.0
0.0
0.0
0.0
0.0
0.0
0.0
0.0
0.0
1.3
0.0
0.0
0.0
0.0
0.0
0.0
0.0
0.0
0.0
0.0
0.0
0.0
0.0
0.0
0.0
0.0
0.1
0.2
0.0
0.0
0.0
0.0
0.0
0.0
0.0
0.0
0.0
0.0
0.0
0.0
0.0
0.0
0.0
0.0
0.0
0.0
0.0
0.0
0.0
0.0
0.0
0.0
0.0
0.0
0.0
0.0
0.0
0.0
0.0
0.0
0.0
0.0
0.0
1.4
0.0
0.0
0.0
0.0
9.4
16.8
0.1
9.3
3.8
0.0
0.0
0.1
0.0
0.0
0.0
0.0
0.0
0.0
0.0
5.8
3.3
14.7
0.0
0.0
0.0
0.0
0.0
0.0
0.0
0.0
0.0
0.0
0.0
0.0
0.0
0.0
0.0
0.0
0.0
0.0
0.0
0.2
33.5
14.0
0.0
0.0
0.0
2.6
0.0
0.9
10.3
0.0
0.4
14.9
0.0
0.0
0.0
0.0
0.0
0.0
0.0
4.0
0.0
0.0
0.4
0.3
41.0
12.8
7.7
0.0
0.1
0.0
0.5
0.4
0.1
0.0
0.0
0.0
0.0
0.0
0.0
1.1
2.9
7.5
0.0
0.0
0.0
0.0
0.0
0.0
0.0
0.0
0.0
0.0
0.0
0.0
0.0
0.4
0.0
0.0
0.0
0.0
0.0
0.0
0.0
0.0
0.0
0.0
0.0
0.0
0.0
0.0
0.0
0.0
0.0
11.2
2.2
0.0
16.0
0.8
0.0
0.1
1.6
0.2
0.0
0.0
0.0
0.0
0.0
0.9
18.3
9.7
0.0
0.7
2.4
3.2
0.0
0.0
0.0
2.2
0.2
0.0
6.7
8.2
0.0
2.2
0.0
0.0
17.4
2.2
0.0
0.2
0.0
0.0
0.0
0.3
6.5
0.0
0.0
0.0
0.0
0.0
0.0
0.2
0.4
0.0
0.0
0.0
0.0
0.0
0.0
0.0
0.1
4.6
0.5
1.5
6.4
7.4
0.1
7.2
5.2
0.4
13.4
0.1
0.2
0.0
0.0
0.0
0.0
0.0
0.0
0.0
0.0
0.0
0.0
0.0
0.0
0.8
5.9
0.8
5.4
0.5
0.1
0.1
11.4
1.7
0.0
0.0
0.0
0.0
0.0
0.6
0.0
0.0
0.0
0.9
12.7
0.0
0.0
0.0
0.0
0.0
0.0
0.0
0.0
0.0
0.0
0.0
0.0
0.0
0.0
0.0
0.0
0.0
0.0
0.0
0.0
0.0
0.0
0.3
17.6
0.0
0.1
0.0
0.0
0.0
0.0
0.0
0.0
0.0
0.0
4.9
1.5
0.0
0.0
0.0
0.0
0.0
0.0
0.0
0.0
0.0
0.1
0.0
0.0
0.0
0.0
0.0
0.0
0.0
0.0
0.0
0.0
0.0
0.0
0.0
0.0
0.0
0.0
0.0
0.0
0.0
0.0
0.0
0.0
0.0
0.0
0.0
0.0
0.0
0.0
0.0
0.0
0.0
0.0
0.0
0.0
0.0
0.0
0.0
0.0
0.0
0.0
0.0
0.0
0.0
0.0
0.0
0.0
0.0
0.0
0.0
0.0
0.0
0.0
0.0
0.0
0.0
0.0
0.0
0.0
0.0
0.4
0.0
0.0
0.0
0.0
0.0
0.0
0.0
0.0
0.0
0.0
0.0
0.0
0.0
0.0
0.0
0.0
0.0
0.0
0.0
0.0
0.0