11 10 2012
804 
0.0
0.0
0.0
0.0
0.0
0.0
0.0
10.4
5.8
13.6
0.0
0.0
0.2
14.7
103.6
9.4
0.0
0.0
0.0
39.2
4.1
0.8
28.5
28.0
35.5
49.3
30.5
5.0
4.3
5.8
2.1
3.6
0.0
0.0
0.0
0.0
0.0
37.0
8.8
0.0
0.0
0.0
0.0
0.0
0.0
0.0
4.7
3.2
0.0
0.0
0.0
0.0
0.0
0.0
0.0
0.0
1.4
3.6
0.0
0.0
0.0
0.0
0.0
0.0
1.7
0.0
0.0
0.0
0.0
0.0
0.0
0.0
0.0
0.0
0.0
2.9
0.0
0.0
0.0
0.0
0.0
0.0
0.0
0.0
0.0
0.0
0.0
0.0
0.0
0.0
0.0
0.0
0.0
0.0
3.7
0.0
0.0
23.0
0.3
23.3
70.2
48.3
2.9
40.1
23.1
4.6
7.8
0.0
1.4
0.0
0.0
0.0
0.0
0.0
0.0
0.0
0.0
0.0
0.0
0.0
3.2
0.0
7.2
40.6
1.9
0.0
0.0
0.0
0.0
4.1
5.7
5.0
0.0
11.6
22.9
6.7
0.0
0.0
0.0
5.0
51.7
0.8
0.0
0.3
23.0
20.4
15.5
36.2
3.1
0.0
2.9
3.8
10.6
0.0
0.0
1.6
25.8
27.3
0.0
33.2
0.0
0.0
0.0
24.1
5.1
0.0
1.1
0.0
0.0
27.6
0.0
33.7
1.2
0.3
6.1
0.9
5.5
0.0
0.0
0.0
0.0
0.0
0.0
0.0
0.0
0.0
0.0
0.0
0.0
0.0
0.0
0.0
0.0
1.2
0.0
0.0
0.0
0.0
0.0
5.4
13.1
6.3
0.0
0.0
3.0
0.0
0.0
0.0
0.0
0.0
0.0
0.0
0.0
0.0
0.0
0.0
0.0
1.4
0.0
1.0
0.0
1.2
1.8
0.0
0.0
0.0
0.0
0.0
0.0
0.0
0.0
0.0
0.0
0.0
0.0
0.0
0.0
0.0
0.0
0.0
0.0
0.0
0.0
0.0
0.0
0.0
0.0
0.0
0.0
0.0
0.0
0.0
0.0
0.0
0.0
0.0
0.0
0.0
0.0
0.0
0.0
0.0
0.0
0.0
6.0
0.0
0.0
0.0
0.0
0.0
0.0
1.1
0.0
0.0
0.4
0.0
0.0
0.0
0.0
0.0
0.0
0.0
0.0
0.0
0.0
0.0
0.0
0.0
0.0
0.0
0.0
0.0
0.0
0.0
0.9
0.0
0.0
0.0
0.0
0.0
0.0
0.0
0.0
0.0
0.0
0.0
0.0
0.0
0.0
0.0
0.0
0.0
0.0
0.0
0.0
0.0
0.0
1.1
0.0
0.0
0.0
0.0
2.6
0.0
0.0
0.0
0.0
0.0
0.0
0.0
7.8
18.0
0.0
12.5
0.0
0.0
0.0
2.6
0.0
0.0
0.0
0.0
0.0
0.0
0.0
0.0
0.0
0.0
0.0
0.0
0.0
13.5
0.5
0.0
0.4
0.0
1.2
0.0
0.0
0.0
0.0
0.0
0.0
0.0
0.0
0.0
0.0
0.0
0.0
0.0
0.0
0.0
0.0
0.0
0.0
0.0
17.8
0.0
0.0
0.0
0.0
0.0
0.0
0.0
0.0
0.0
0.0
0.0
0.0
0.0
0.0
0.0
0.0
0.0
0.0
0.0
0.0
0.0
12.6
0.0
0.0
0.0
4.2
0.0
0.0
0.0
0.0
0.0
0.0
0.0
0.0
0.0
0.0
0.5
0.0
0.0
0.0
0.0
0.0
0.0
0.0
0.0
0.0
0.0
0.0
0.0
0.0
0.0
0.0
0.0
0.0
0.0
0.0
0.0
37.9
1.5
0.0
0.0
0.0
30.5
47.5
0.0
0.0
0.0
0.0
0.0
0.0
0.0
2.4
1.1
6.6
0.0
0.0
0.0
0.0
0.0
0.0
0.0
0.0
1.1
0.0
0.0
1.1
28.0
31.9
34.4
0.0
5.6
1.5
0.0
0.0
0.0
0.0
0.0
0.0
0.0
0.5
3.9
0.0
0.0
0.0
9.5
4.4
7.5
0.0
17.5
55.6
27.7
28.4
0.9
0.0
0.0
1.0
0.0
0.0
2.5
0.0
0.0
0.0
0.0
1.2
8.8
0.0
0.0
0.0
0.0
94.5
2.9
0.0
0.0
0.0
0.0
0.0
0.0
0.0
0.0
0.0
0.0
1.2
0.0
0.0
0.0
0.0
0.0
0.0
0.6
0.0
0.0
0.0
0.0
5.6
0.0
0.0
0.0
3.7
0.0
0.0
0.7
16.8
7.7
0.0
0.0
0.0
0.0
0.0
0.0
0.0
1.1
0.0
0.0
0.0
0.0
0.0
0.0
0.0
0.0
20.3
1.7
0.0
0.0
0.0
0.0
0.0
0.0
0.0
0.0
0.0
0.0
0.0
0.0
0.0
0.0
0.0
0.0
0.0
0.0
0.0
0.0
0.0
0.0
0.0
0.0
0.0
0.0
0.0
0.0
0.5
10.4
0.0
0.0
0.0
0.0
0.0
0.0
0.0
0.0
0.0
9.9
0.8
0.0
0.0
0.0
0.5
0.0
0.0
0.0
0.0
0.0
0.0
0.0
2.8
3.2
0.0
0.0
0.0
0.0
0.0
0.0
0.0
4.4
0.1
1.9
0.0
0.0
0.0
0.0
0.0
0.0
0.0
0.0
0.0
0.0
0.0
0.0
0.0
0.0
0.0
0.0
0.0
0.0
0.0
0.0
0.0
0.0
0.0
0.0
0.0
0.0
0.0
0.0
0.0
0.0
0.0
0.0
0.0
0.0
0.0
0.0
0.0
0.0
0.0
0.0
0.0
0.0
0.0
0.0
0.0
0.0
0.0
0.0
0.0
0.0
0.0
0.0
0.0
0.0
0.0
0.0
0.0
0.0
0.0
0.0
0.0
0.0
0.0
0.0
0.0
0.0
0.0
0.0
0.0
0.0
0.0
0.0
0.0
0.0
0.0
0.0
0.0
0.0
0.0
0.0
0.0
0.0
0.0
0.0
0.0
0.0
0.0
0.0
2.3
0.9
0.0
0.0
0.0
3.0
6.0
0.9
2.2
0.0
0.0
2.3
0.0
0.0
0.0
0.0
0.0
0.0
0.0
1.5
2.2
14.5
20.9
0.0
0.0
0.0
0.0
0.0
0.0
0.0
0.0
0.0
0.0
0.0
0.0
0.0
2.6
0.0
0.0
0.0
0.0
0.0
0.0
26.0
9.2
0.0
0.0
0.0
2.5
0.0
3.6
17.5
0.0
3.4
18.8
0.0
0.0
0.0
0.0
0.0
0.0
0.0
21.6
0.0
0.0
0.0
3.5
63.4
26.8
6.5
1.1
6.6
0.0
0.0
0.0
0.0
0.0
0.0
0.0
0.0
0.0
0.0
0.0
19.8
11.1
0.0
0.0
0.0
0.0
0.0
0.0
0.0
0.0
0.0
0.0
0.0
0.0
0.0
0.0
0.0
0.0
0.0
0.0
0.0
0.0
0.0
0.0
0.0
0.0
0.0
0.0
0.0
0.0
0.0
0.0
0.0
3.2
0.0
0.3
21.7
12.0
0.0
37.2
9.6
0.0
0.0
0.0
0.0
0.0
0.0
2.4
32.3
24.3
0.0
3.4
14.7
38.3
6.0
6.8
1.9
2.2
0.0
0.0
15.1
2.7
0.0
12.3
1.3
2.3
8.2
0.0
0.0
0.0
0.0
0.0
0.0
0.0
0.0
0.0
0.0
0.0
0.0
0.0
0.0
0.0
0.0
0.0
0.0
0.0
0.0
0.0
0.0
0.0
0.0
0.0
0.0
0.0
7.3
3.9
0.7
15.3
6.6
6.9
9.9
2.6
34.4
0.0
0.0
0.0
0.0
0.0
0.0
0.0
0.0
0.0
0.0
4.7
0.0
0.0
32.0
4.0
6.3
2.8
0.0
0.0
9.8
7.1
0.0
0.0
0.0
0.0
0.0
0.7
0.0
0.0
0.0
3.3
19.1
0.0
0.0
0.0
0.0
0.0
0.0
0.0
0.0
0.0
0.0
0.0
0.0
0.0
0.0
0.0
0.0
0.0
0.0
0.0
0.0
0.0
0.0
0.0
1.0
0.0
0.0
0.0
0.0
0.0
0.0
0.0
0.0
0.0
8.1
8.5
6.0
0.0
0.0
0.0
0.0
0.0
0.0
0.0
0.0
0.0
0.0
0.0
0.0
0.0
7.0
0.0
0.0
0.0
0.0
0.0
0.0
0.0
0.0
3.1
0.0
0.0
0.0
0.0
0.0
0.0
0.0
0.0
0.0
0.0
0.0
0.0
0.0
0.0
0.0
0.0
0.0
0.0
0.0
0.0
0.0
0.0
0.0
0.0
0.0
0.0
0.0
0.0
0.0
0.0
0.0
0.0
0.0
0.0
0.0
0.0
0.0
0.0
0.0
0.0
0.0
0.0
0.0
1.3
0.0
0.0
0.0
0.0
0.0
0.0
0.0
0.0
0.0
0.0
0.0
0.0
0.0
0.0
0.0
0.0
0.0
0.0
0.0
0.0
0.0
0.0
0.0
0.0